                   201   NumCoords   ! The number of coordinates in the airfoil shape file (including an extra coordinate for airfoil reference).  Set to zero if coordinates not included.
! ......... x-y coordinates are next if NumCoords > 0 .............
! x-y coordinate of airfoil reference
!  x/c        y/c
 0.265350       0
! coordinates of airfoil shape
! interpolation to 200 points
!  x/c        y/c
 1.00000000000000e+00  1.49643936458999e-03
 9.77654161324953e-01  2.74632174051168e-03
 9.53542447689082e-01  3.95735014391931e-03
 9.29479721431118e-01  5.04289448659339e-03
 9.05449720540033e-01  5.97313945881728e-03
 8.81503534388980e-01  5.91532205369775e-03
 8.57695772508534e-01  5.06170216632607e-03
 8.34074078965990e-01  3.47374833984262e-03
 8.10678819170338e-01  1.21183812791525e-03
 7.87550674220364e-01 -1.68850656335389e-03
 7.64726434132094e-01 -5.19455115813459e-03
 7.42224905167192e-01 -9.19377898484241e-03
 7.20068274543940e-01 -1.36800175490972e-02
 6.98256068517156e-01 -1.87956451971203e-02
 6.76799396594323e-01 -2.42095672076415e-02
 6.55723973334417e-01 -2.98511906182102e-02
 6.35023952402765e-01 -3.56403905725692e-02
 6.14691435324778e-01 -4.14916678811784e-02
 5.94718659016617e-01 -4.73280449498596e-02
 5.75096370193885e-01 -5.30676103021461e-02
 5.55813006734406e-01 -5.86216047764191e-02
 5.36867494039197e-01 -6.39481422950321e-02
 5.18258694687955e-01 -6.90018456531607e-02
 4.99987306018019e-01 -7.37454077869718e-02
 4.82045417965360e-01 -7.81029778791410e-02
 4.64431082826016e-01 -8.20220135304615e-02
 4.47153160605183e-01 -8.54953704106756e-02
 4.30220350235324e-01 -8.85157269314105e-02
 4.13645062342875e-01 -9.10954474485964e-02
 3.97438711195155e-01 -9.32542860969010e-02
 3.81613630052775e-01 -9.50243394141248e-02
 3.66177760213785e-01 -9.64214254815379e-02
 3.51137775446547e-01 -9.74580746210296e-02
 3.36501057859396e-01 -9.81810727462586e-02
 3.22270923572813e-01 -9.85975224505570e-02
 3.08450117894526e-01 -9.86709803483822e-02
 2.95039908062408e-01 -9.85691963191796e-02
 2.82040194800788e-01 -9.81987104637534e-02
 2.69449230807825e-01 -9.76086288110634e-02
 2.57263843942747e-01 -9.68325394438316e-02
 2.45479723876865e-01 -9.58890851303296e-02
 2.34093476066232e-01 -9.47825034293139e-02
 2.23098626039583e-01 -9.35414413183900e-02
 2.12488567031394e-01 -9.21803539937522e-02
 2.02256716221717e-01 -9.07108260217697e-02
 1.92397446829526e-01 -8.91340626189689e-02
 1.82902865808790e-01 -8.74647319331359e-02
 1.73764101511201e-01 -8.57223637394750e-02
 1.64971795232485e-01 -8.39209376997061e-02
 1.56519101896985e-01 -8.20615028618881e-02
 1.48397131227593e-01 -8.01519738949252e-02
 1.40594200118251e-01 -7.82133301922945e-02
 1.33101448464566e-01 -7.62530421264252e-02
 1.25912167454227e-01 -7.42689574722758e-02
 1.19016034999678e-01 -7.22709304844121e-02
 1.12403600747156e-01 -7.02661735000753e-02
 1.06068421028090e-01 -6.82508342105154e-02
 1.00000121407635e-01 -6.62356320785961e-02
 9.41893137190593e-02 -6.42266038267105e-02
 8.86273771382710e-02 -6.22275077624385e-02
 8.33058286678080e-02 -6.02416690080864e-02
 7.82168053412840e-02 -5.82707082772471e-02
 7.33520846678841e-02 -5.63173459740700e-02
 6.87037776012053e-02 -5.43834016322497e-02
 6.42637549582487e-02 -5.24715500570833e-02
 6.00233619697752e-02 -5.05864878634479e-02
 5.59761870288084e-02 -4.87273923387815e-02
 5.21162752639619e-02 -4.68926563037062e-02
 4.84380456078809e-02 -4.50802485059160e-02
 4.49347156040084e-02 -4.32919669403259e-02
 4.15996582180775e-02 -4.15289265354152e-02
 3.84260091328618e-02 -3.97927200384421e-02
 3.54093320613004e-02 -3.80810338355830e-02
 3.25437154926538e-02 -3.63950048032620e-02
 2.98227956281790e-02 -3.47359857343618e-02
 2.72423574824491e-02 -3.31022203421179e-02
 2.47998181506886e-02 -3.14899449872310e-02
 2.24849651077727e-02 -2.99074209887683e-02
 2.02945855660843e-02 -2.83527817587791e-02
 1.82311431570160e-02 -2.68162268572873e-02
 1.62931518034461e-02 -2.52952289793320e-02
 1.44639758002298e-02 -2.38060840443584e-02
 1.27436131253011e-02 -2.23439058160620e-02
 1.11409836206428e-02 -2.08934609013363e-02
 9.66470462804309e-03 -1.94433982586642e-02
 8.28971388651441e-03 -1.80178096902828e-02
 6.97049496341090e-03 -1.66533244715043e-02
 5.74367401995744e-03 -1.53156416063858e-02
 4.66665279271721e-03 -1.39525093670649e-02
 3.75296218712900e-03 -1.25601213737586e-02
 2.97785518126680e-03 -1.11654459012516e-02
 2.36009705856756e-03 -9.77036882139235e-03
 1.88312527543620e-03 -8.39100960647359e-03
 1.53336745667586e-03 -7.03639227389304e-03
 1.23067218175081e-03 -5.73160714257898e-03
 9.58507361890844e-04 -4.48103875244286e-03
 7.03692876231402e-04 -3.28397256217628e-03
 4.61859158816215e-04 -2.13880201360955e-03
 2.27729236335535e-04 -1.04406410983322e-03
 0.00000000000000e+00  0.00000000000000e+00
 2.32920818112456e-04  1.04455537042402e-03
 4.53272766189015e-04  2.13711220078348e-03
 6.71776622976783e-04  3.28122082697627e-03
 8.93919620813313e-04  4.47897674752372e-03
 1.12548959585243e-03  5.73085949504685e-03
 1.37906991580547e-03  7.03604821010774e-03
 1.67480107576820e-03  8.39553893930944e-03
 2.03028078922664e-03  9.80228086589141e-03
 2.51566807606063e-03  1.12349631618799e-02
 3.11995495096494e-03  1.27001376351891e-02
 3.81655745031288e-03  1.42003832525500e-02
 4.63363987841515e-03  1.57204045489377e-02
 5.57046491628562e-03  1.72605424948405e-02
 6.59914745175696e-03  1.88380739684346e-02
 7.68181174507885e-03  2.04804622430955e-02
 8.86552937242678e-03  2.21584026641202e-02
 1.01640852561236e-02  2.38642655601295e-02
 1.15788884649528e-02  2.55993854697172e-02
 1.30986626070484e-02  2.73747846751552e-02
 1.47236192132684e-02  2.91933954875036e-02
 1.64678711985823e-02  3.10467261483417e-02
 1.83408771699780e-02  3.29302342124092e-02
 2.03382221234843e-02  3.48516120174321e-02
 2.24659887813429e-02  3.68089366623116e-02
 2.47320733436133e-02  3.87991303129739e-02
 2.71421939793592e-02  4.08247861466814e-02
 2.96949390181922e-02  4.29149308184834e-02
 3.23997780184524e-02  4.50391533547079e-02
 3.52631931404416e-02  4.71960175986434e-02
 3.82880869086527e-02  4.93891632783448e-02
 4.14823572087633e-02  5.16132583101059e-02
 4.48527564602990e-02  5.38660883542529e-02
 4.84060686595589e-02  5.61473136332201e-02
 5.21502082823268e-02  5.84552527890367e-02
 5.60879716059034e-02  6.07965027991735e-02
 6.02274366511382e-02  6.31671926074435e-02
 6.45766877092554e-02  6.55634290240730e-02
 6.91433797044122e-02  6.79812328739890e-02
 7.39359425184664e-02  7.04152412350522e-02
 7.89625955823884e-02  7.28627701708052e-02
 8.42315833694311e-02  7.53223042764538e-02
 8.97511984027961e-02  7.77925953222166e-02
 9.55310545860438e-02  8.02670987709252e-02
 1.01576228571079e-01  8.27450175911441e-02
 1.07894506908274e-01  8.52219194428060e-02
 1.14496356122835e-01  8.76880540921254e-02
 1.21394596991786e-01  9.01269994683911e-02
 1.28595064144779e-01  9.25419385264031e-02
 1.36110948432705e-01  9.49101662529458e-02
 1.43945961013503e-01  9.72444564527606e-02
 1.52104531705648e-01  9.95529853418286e-02
 1.60598404352492e-01  1.01809991887630e-01
 1.69455252959926e-01  1.03924450912252e-01
 1.78651317371910e-01  1.06032270216040e-01
 1.88212366266991e-01  1.08037932566284e-01
 1.98147688829802e-01  1.09918483533059e-01
 2.08462241352566e-01  1.11667546167442e-01
 2.19158656710922e-01  1.13296992772663e-01
 2.30240569043578e-01  1.14813544554638e-01
 2.41725115651164e-01  1.16115992624376e-01
 2.53614175060365e-01  1.17188506301102e-01
 2.65907767740048e-01  1.18030175540228e-01
 2.78607662475062e-01  1.18636082216245e-01
 2.91714911021703e-01  1.19060382000264e-01
 3.05232320629268e-01  1.19169031031906e-01
 3.19160032751879e-01  1.19162945370428e-01
 3.33494623427175e-01  1.18901376048799e-01
 3.48234511831402e-01  1.18296419614892e-01
 3.63379705247697e-01  1.17471088085237e-01
 3.78925643692415e-01  1.16354970159289e-01
 3.94869378403318e-01  1.14955375612157e-01
 4.11208445219057e-01  1.13282780153538e-01
 4.27947077244540e-01  1.11410835429958e-01
 4.45065752764076e-01  1.09204651139422e-01
 4.62575773015624e-01  1.06796097006546e-01
 4.80434783355919e-01  1.04082842876081e-01
 4.98646901601812e-01  1.01149643155160e-01
 5.17245951432167e-01  9.80514301469803e-02
 5.36204400565816e-01  9.46833460033915e-02
 5.55524522029463e-01  9.11096133075868e-02
 5.75199613326423e-01  8.73397288362231e-02
 5.95215808314343e-01  8.33637518190923e-02
 6.15562869766417e-01  7.91941576372772e-02
 6.36228834217433e-01  7.48344731362649e-02
 6.57213122208724e-01  7.03539772304525e-02
 6.78501527907805e-01  6.57578378154628e-02
 7.00078533770471e-01  6.10505472141034e-02
 7.21939498917082e-01  5.62933724845868e-02
 7.44060247968999e-01  5.14602276130272e-02
 7.66436572297316e-01  4.66240771196446e-02
 7.89049656419676e-01  4.17936629876628e-02
 8.11882616321804e-01  3.69924786024662e-02
 8.34919083127419e-01  3.22482740161845e-02
 8.58133571958296e-01  2.75469297152456e-02
 8.81506454560149e-01  2.29073994564240e-02
 9.05018865801329e-01  1.83559630013112e-02
 9.28648190222641e-01  1.39054151154791e-02
 9.52373068846175e-01  9.66135538663934e-03
 9.76165170141608e-01  5.54963487275582e-03
 1.00000000000000e+00  1.62442590977875e-03
