                   201   NumCoords   ! The number of coordinates in the airfoil shape file (including an extra coordinate for airfoil reference).  Set to zero if coordinates not included.
! ......... x-y coordinates are next if NumCoords > 0 .............
! x-y coordinate of airfoil reference
!  x/c        y/c
 0.264474       0
! coordinates of airfoil shape
! interpolation to 200 points
!  x/c        y/c
 1.00000000000000e+00  8.29114681122834e-04
 9.76782043276778e-01  2.67424897145921e-03
 9.52789708344290e-01  4.18791680629456e-03
 9.28808958578620e-01  5.30274465070402e-03
 9.04864831847375e-01  6.01704074788646e-03
 8.81010408505183e-01  5.94149761783277e-03
 8.57294215084844e-01  5.08647530873274e-03
 8.33761440070672e-01  3.51526712426021e-03
 8.10450431118041e-01  1.28770740809986e-03
 7.87399311337353e-01 -1.55504106555524e-03
 7.64641509806239e-01 -4.97479196347176e-03
 7.42193572055374e-01 -8.85720910152114e-03
 7.20079441312440e-01 -1.31428511405784e-02
 6.98324650851761e-01 -1.76602269990552e-02
 6.76943081450292e-01 -2.24864907893848e-02
 6.55926044737407e-01 -2.75477329515651e-02
 6.35275462641049e-01 -3.27561571758315e-02
 6.14991697359693e-01 -3.80429771631407e-02
 5.95071805457261e-01 -4.33384371227347e-02
 5.75507955511202e-01 -4.85673579662620e-02
 5.56288470504821e-01 -5.36472337000586e-02
 5.37413280919566e-01 -5.85374904899306e-02
 5.18881690690988e-01 -6.32008611469289e-02
 5.00692679973376e-01 -6.75980621578802e-02
 4.82835035533236e-01 -7.16453388724367e-02
 4.65306776590188e-01 -7.52904964163242e-02
 4.48117220948465e-01 -7.85213645532719e-02
 4.31274371208972e-01 -8.13245149213435e-02
 4.14791069291619e-01 -8.37147991245200e-02
 3.98678173087915e-01 -8.57046822518998e-02
 3.82947938610604e-01 -8.73329169440311e-02
 3.67608126197647e-01 -8.86194867543004e-02
 3.52663670120040e-01 -8.95594461430276e-02
 3.38121481495121e-01 -9.02055948889653e-02
 3.23984358038829e-01 -9.05673404603109e-02
 3.10254539749884e-01 -9.06000710875291e-02
 2.96932386077498e-01 -9.05000352525478e-02
 2.84017155948529e-01 -9.01362800105233e-02
 2.71506812733975e-01 -8.95721541953289e-02
 2.59397364475649e-01 -8.88444598375107e-02
 2.47683991541612e-01 -8.79739050287025e-02
 2.36363340946339e-01 -8.69560500638288e-02
 2.25428584821801e-01 -8.58155189406127e-02
 2.14872505444713e-01 -8.45725582729137e-02
 2.04688639682171e-01 -8.32356608319198e-02
 1.94870532058321e-01 -8.18086138656549e-02
 1.85411224606717e-01 -8.02975595805867e-02
 1.76301502368592e-01 -7.87219637543643e-02
 1.67531721895684e-01 -7.70980461971749e-02
 1.59095334463536e-01 -7.54245678907757e-02
 1.50983452863819e-01 -7.37089985932857e-02
 1.43184615428991e-01 -7.19715528110162e-02
 1.35689994015340e-01 -7.02179149272348e-02
 1.28493259628749e-01 -6.84439446604557e-02
 1.21584356225059e-01 -6.66589117501744e-02
 1.14954104329228e-01 -6.48692767811882e-02
 1.08596028747602e-01 -6.30709078302840e-02
 1.02500342569047e-01 -6.12732435163346e-02
 9.66583124749655e-02 -5.94799972455284e-02
 9.10614651665330e-02 -5.76940434848283e-02
 8.57016484873131e-02 -5.59174871698935e-02
 8.05716818277504e-02 -5.41514415610910e-02
 7.56629804479401e-02 -5.23999091589381e-02
 7.09673264324027e-02 -5.06658027474720e-02
 6.64769548928283e-02 -4.89511312056668e-02
 6.21841209161405e-02 -4.72588049522494e-02
 5.80828646413446e-02 -4.55868808554088e-02
 5.41672039234504e-02 -4.39337280964298e-02
 5.04318737769290e-02 -4.22969374627881e-02
 4.68701551460330e-02 -4.06788363699535e-02
 4.34748293155542e-02 -3.90816656038867e-02
 4.02394564336968e-02 -3.75064134976485e-02
 3.71597341620612e-02 -3.59505905642376e-02
 3.42292876015197e-02 -3.44163163054094e-02
 3.14427611214108e-02 -3.29033686974102e-02
 2.87948989992906e-02 -3.14115214006809e-02
 2.62842001030899e-02 -2.99357031758471e-02
 2.39010203829820e-02 -2.84837641396815e-02
 2.16425913022321e-02 -2.70528008177560e-02
 1.95083722613959e-02 -2.56359431074142e-02
 1.74973144183620e-02 -2.42303688075859e-02
 1.55920459000626e-02 -2.28537242889875e-02
 1.37937315701788e-02 -2.15000348643855e-02
 1.21114353986277e-02 -2.01517632767944e-02
 1.05557263996560e-02 -1.87950788250953e-02
 9.09975274523123e-03 -1.74587350861475e-02
 7.71148001869452e-03 -1.61726984281465e-02
 6.41033783503060e-03 -1.49142977769218e-02
 5.25359792237995e-03 -1.36242190473968e-02
 4.25524034358143e-03 -1.22987211878159e-02
 3.39490577394612e-03 -1.09638708574317e-02
 2.69801787581135e-03 -9.61608531094912e-03
 2.15635392054801e-03 -8.27191194995822e-03
 1.75300893361084e-03 -6.94239145238571e-03
 1.40220623585940e-03 -5.65906465817701e-03
 1.08850538073339e-03 -4.42679605410105e-03
 7.95913539779224e-04 -3.24595945383867e-03
 5.19847831802671e-04 -2.11528188128428e-03
 2.54951680875296e-04 -1.03391192169222e-03
 0.00000000000000e+00  0.00000000000000e+00
 2.43138699985059e-04  1.03754720410776e-03
 4.72682754043772e-04  2.12803399803822e-03
 7.00761094726297e-04  3.26997015132682e-03
 9.32420114399370e-04  4.46401997978348e-03
 1.17424005127111e-03  5.71202086450727e-03
 1.43902119287987e-03  7.01294430594106e-03
 1.74706257456339e-03  8.36775492545566e-03
 2.11723124387986e-03  9.76844744836501e-03
 2.62217427798636e-03  1.11925053147356e-02
 3.24692473415889e-03  1.26468940245245e-02
 3.96770672530776e-03  1.41338060557027e-02
 4.81391809915000e-03  1.56367542762648e-02
 5.78067166087618e-03  1.71566165844204e-02
 6.84103555176994e-03  1.87119952244781e-02
 7.94940776304992e-03  2.03346270228575e-02
 9.16096189846886e-03  2.19901376173247e-02
 1.04845990336828e-02  2.36733796410223e-02
 1.19238350300217e-02  2.53850396214791e-02
 1.34671310637354e-02  2.71367606038113e-02
 1.51173631676450e-02  2.89293586429826e-02
 1.68854544154673e-02  3.07564246175345e-02
 1.87821028765899e-02  3.26125258905104e-02
 2.08020399869131e-02  3.45061099362108e-02
 2.29526481089686e-02  3.64339996242208e-02
 2.52404069814986e-02  3.83945142049839e-02
 2.76713510666686e-02  4.03845445260053e-02
 3.02426701322299e-02  4.24022538270580e-02
 3.29640315012274e-02  4.44541374997987e-02
 3.58424505644487e-02  4.65387546868634e-02
 3.88816928257817e-02  4.86581579331674e-02
 4.20895970568767e-02  5.08089732635357e-02
 4.54724049266199e-02  5.29911949825770e-02
 4.90371455494740e-02  5.52028544007174e-02
 5.27912726971408e-02  5.74399996918882e-02
 5.67370639592050e-02  5.97076433670333e-02
 6.08830233832313e-02  6.20032559324491e-02
 6.52375266412868e-02  6.43243321744949e-02
 6.98086244342589e-02  6.66690706644237e-02
 7.46044764537710e-02  6.90337640274610e-02
 7.96332898901819e-02  7.14149720671954e-02
 8.49033058610462e-02  7.38089512993275e-02
 9.04228317212503e-02  7.62114509563941e-02
 9.62017182640900e-02  7.86142152424494e-02
 1.02244515738061e-01  8.10245399437007e-02
 1.08558841459694e-01  8.34432227836870e-02
 1.15155372831500e-01  8.58605854641333e-02
 1.22047608632652e-01  8.82591510047709e-02
 1.29241111315205e-01  9.06399486156713e-02
 1.36749669314208e-01  9.29797626045064e-02
 1.44576204862328e-01  9.52900044966298e-02
 1.52724434819084e-01  9.75809361989654e-02
 1.61206718642960e-01  9.98326193969426e-02
 1.70053616713409e-01  1.01956179483358e-01
 1.79236999689747e-01  1.04079203415359e-01
 1.88785071001784e-01  1.06108481967943e-01
 1.98707431355256e-01  1.08023090250504e-01
 2.09008818751972e-01  1.09822232348545e-01
 2.19691505634507e-01  1.11521080438854e-01
 2.30759025495245e-01  1.13119749336680e-01
 2.42230145577599e-01  1.14519388285805e-01
 2.54106416329954e-01  1.15711359479821e-01
 2.66387456155266e-01  1.16716108174513e-01
 2.79074898410729e-01  1.17530660446267e-01
 2.92169643677433e-01  1.18181289418022e-01
 3.05674840799902e-01  1.18483872984482e-01
 3.19590590983321e-01  1.18487413483132e-01
 3.33913101463800e-01  1.18239996536609e-01
 3.48640630061176e-01  1.17640263729871e-01
 3.63773470917195e-01  1.16825599108564e-01
 3.79306575740565e-01  1.15716072583211e-01
 3.95236982887875e-01  1.14321170532271e-01
 4.11562066992307e-01  1.12649414374009e-01
 4.28287212499641e-01  1.10782446891120e-01
 4.45390812027733e-01  1.08570604493101e-01
 4.62886215314443e-01  1.06161868838798e-01
 4.80762173771394e-01  1.03438629620383e-01
 4.99027661259289e-01  1.00498673003902e-01
 5.17670410541708e-01  9.74000666426787e-02
 5.36663372731620e-01  9.40241083460871e-02
 5.56009436159608e-01  9.04426959984712e-02
 5.75698922178520e-01  8.66661417561431e-02
 5.95720103967880e-01  8.26815620794782e-02
 6.16063433940187e-01  7.85015128457671e-02
 6.36716407832811e-01  7.41294516064798e-02
 6.57680874516115e-01  6.96393241085863e-02
 6.78943303002561e-01  6.50354899894953e-02
 7.00487962810015e-01  6.03188402240011e-02
 7.22313411812632e-01  5.55578333107728e-02
 7.44395031641622e-01  5.07214213060886e-02
 7.66731076042198e-01  4.58862923592306e-02
 7.89303777848334e-01  4.10617096629334e-02
 8.12097799549201e-01  3.62723439246478e-02
 8.35097133328209e-01  3.15457109921045e-02
 8.58275868121486e-01  2.68663074086588e-02
 8.81614692926401e-01  2.22537592380719e-02
 9.05094991384242e-01  1.77345522246203e-02
 9.28695516911439e-01  1.33247587786973e-02
 9.52395423872725e-01  9.05597561941117e-03
 9.76171186726528e-01  4.87786395784583e-03
 1.00000000000000e+00  8.29114681122834e-04
