                   201   NumCoords   ! The number of coordinates in the airfoil shape file (including an extra coordinate for airfoil reference).  Set to zero if coordinates not included.
! ......... x-y coordinates are next if NumCoords > 0 .............
! x-y coordinate of airfoil reference
!  x/c        y/c
 0.419673       0
! coordinates of airfoil shape
! interpolation to 200 points
!  x/c        y/c
 1.00000000000000e+00 -3.23406947444632e-03
 9.73322449566203e-01 -5.77899539981563e-03
 9.46823449135035e-01 -8.73253260632965e-03
 9.20776384944665e-01 -1.33091582764808e-02
 8.95182809604700e-01 -1.78031072381326e-02
 8.70080792096104e-01 -2.38428496685853e-02
 8.45450133638804e-01 -3.12189862602177e-02
 8.21131875164481e-01 -3.96941803322756e-02
 7.96914567134343e-01 -4.89049221714952e-02
 7.73148079716562e-01 -5.87498393746019e-02
 7.49795944214967e-01 -6.89263356767475e-02
 7.26872438527982e-01 -7.94118512978471e-02
 7.04327830658509e-01 -8.99840717117673e-02
 6.82118916541345e-01 -1.00449477588634e-01
 6.60232825498525e-01 -1.10755179141744e-01
 6.38621281659181e-01 -1.20720037391292e-01
 6.17272974170396e-01 -1.30293757560606e-01
 5.96146545581835e-01 -1.39407456188175e-01
 5.74744694665370e-01 -1.48026626052470e-01
 5.53588136721475e-01 -1.56141276106660e-01
 5.32658454973520e-01 -1.63657320919889e-01
 5.11979258020973e-01 -1.70568268757363e-01
 4.91600289952189e-01 -1.76934516334841e-01
 4.71489201838805e-01 -1.82621735142350e-01
 4.51715448509624e-01 -1.87759712479282e-01
 4.32251919079673e-01 -1.92199183265040e-01
 4.13139812236252e-01 -1.95995563061265e-01
 3.94400737756904e-01 -1.99180229072214e-01
 3.76049529251980e-01 -2.01735112486322e-01
 3.58105675346491e-01 -2.03661184296956e-01
 3.40592992343296e-01 -2.05111425612342e-01
 3.23523626109988e-01 -2.05945538182892e-01
 3.06911722509887e-01 -2.06301844166039e-01
 2.90766492488654e-01 -2.06208059906861e-01
 2.75104955556330e-01 -2.05644232711928e-01
 2.59933297803029e-01 -2.04646657963516e-01
 2.45262675359935e-01 -2.03221678499396e-01
 2.31078791375210e-01 -2.01465235807819e-01
 2.17406576421195e-01 -1.99337250090837e-01
 2.04242417222800e-01 -1.96880872181963e-01
 1.91577885121369e-01 -1.94147791492835e-01
 1.79431387143790e-01 -1.91116131372990e-01
 1.67773093488156e-01 -1.87874105899573e-01
 1.56627381354052e-01 -1.84383157216922e-01
 1.45966527231466e-01 -1.80715901355161e-01
 1.35802389246057e-01 -1.76848961473080e-01
 1.26139026678644e-01 -1.72796863035478e-01
 1.16930462001335e-01 -1.68627378823739e-01
 1.08225702808331e-01 -1.64289696436313e-01
 9.99681855885968e-02 -1.59860096438756e-01
 9.21823192274052e-02 -1.55322509906269e-01
 8.48494936654030e-02 -1.50697208285959e-01
 7.79414929229169e-02 -1.46016076538432e-01
 7.14882196157991e-02 -1.41258614944849e-01
 6.54309888107406e-02 -1.36475758339516e-01
 5.97610934242036e-02 -1.31678572948184e-01
 5.44786235305661e-02 -1.26870505057412e-01
 4.95459050748105e-02 -1.22080674825739e-01
 4.50215644438115e-02 -1.17283019092944e-01
 4.08234518217352e-02 -1.12528672379544e-01
 3.69009336672452e-02 -1.07843819023746e-01
 3.33363956849949e-02 -1.03198859769040e-01
 3.00681064189044e-02 -9.86209580591418e-02
 2.70704614486734e-02 -9.41217871166468e-02
 2.43183037831949e-02 -8.97097868671111e-02
 2.17727346744135e-02 -8.53980292190000e-02
 1.94796360104428e-02 -8.11728374641938e-02
 1.73904508918653e-02 -7.70492382283317e-02
 1.54809201309603e-02 -7.30327533299194e-02
 1.37329067453225e-02 -6.91313638247128e-02
 1.21638872719870e-02 -6.53446743668945e-02
 1.07444280447087e-02 -6.16764706052267e-02
 9.46313339767900e-03 -5.81263499464411e-02
 8.31940541635512e-03 -5.46939510212712e-02
 7.29562017518362e-03 -5.13801125702051e-02
 6.38485570901956e-03 -4.81787528649261e-02
 5.59412117035971e-03 -4.50829473212412e-02
 4.90260187623832e-03 -4.20972507933771e-02
 4.28029211839946e-03 -3.92205132545902e-02
 3.71869724811299e-03 -3.64498489513617e-02
 3.25155725281675e-03 -3.37815385483336e-02
 2.86562795971981e-03 -3.12118069104868e-02
 2.52402212847741e-03 -2.87451860714432e-02
 2.20330761539310e-03 -2.63808216002344e-02
 1.90071355975599e-03 -2.41171923052292e-02
 1.62537401258309e-03 -2.19510326274422e-02
 1.38410619350001e-03 -1.98752605649276e-02
 1.17126500102909e-03 -1.78861891343084e-02
 9.76216241493452e-04 -1.59857970282537e-02
 8.00380073947681e-04 -1.41681986978889e-02
 6.56363558240753e-04 -1.24287776765292e-02
 5.43271134362514e-04 -1.07645565675456e-02
 4.50585180546260e-04 -9.17328931079781e-03
 3.63282063107160e-04 -7.65048596847010e-03
 2.59834991490970e-04 -6.19492622731696e-03
 1.76936288925941e-04 -4.80444574033189e-03
 1.27486849338695e-04 -3.47673477434769e-03
 8.34774175042256e-05 -2.21411018019410e-03
 4.09429002494685e-05 -1.03293375848127e-03
 0.00000000000000e+00  0.00000000000000e+00
 4.06991303355324e-05  1.17537850850535e-03
 9.40945895965352e-05  2.39517091478558e-03
 1.65523925017041e-04  3.66944494129787e-03
 2.57895924611902e-04  4.99976103281259e-03
 3.61663719255348e-04  6.38957044637943e-03
 4.56711251186565e-04  7.84222177581186e-03
 5.53744166143110e-04  9.35960755403436e-03
 6.61196890109472e-04  1.09439746638604e-02
 7.90540608415605e-04  1.25968780934611e-02
 9.57016439699163e-04  1.43205275259343e-02
 1.14828971862812e-03  1.61192326148017e-02
 1.34759104218340e-03  1.79967148872817e-02
 1.56889613670458e-03  1.99552409360689e-02
 1.81720613743639e-03  2.19989068368889e-02
 2.09127490875721e-03  2.41330739258725e-02
 2.37650298399800e-03  2.63709217848668e-02
 2.66247406766147e-03  2.87131427751127e-02
 2.96350547470510e-03  3.11547327195915e-02
 3.30422465646674e-03  3.36975111878872e-02
 3.72302908126983e-03  3.63395824757144e-02
 4.21986760401610e-03  3.90864291423122e-02
 4.75721443356497e-03  4.19431608032298e-02
 5.34908508869771e-03  4.49126092067249e-02
 6.04004182922739e-03  4.79879725174500e-02
 6.86058257756540e-03  5.11702059991580e-02
 7.79754845119829e-03  5.44605414607130e-02
 8.83723661662984e-03  5.78744444893102e-02
 1.00042180187201e-02  6.14075848186991e-02
 1.13178304087523e-02  6.50585727378489e-02
 1.27700161051913e-02  6.88339089162335e-02
 1.43757282647580e-02  7.27317279181227e-02
 1.61394590137043e-02  7.67521217351190e-02
 1.80547397491468e-02  8.08962685007397e-02
 2.01649480331010e-02  8.51536841379001e-02
 2.24858677593061e-02  8.95213122985440e-02
 2.50135973872288e-02  9.40013805018876e-02
 2.77316785539506e-02  9.85993072579907e-02
 3.07166599907248e-02  1.03289207058954e-01
 3.39875854966762e-02  1.08061818828215e-01
 3.75432832945988e-02  1.12917258860981e-01
 4.13998051674571e-02  1.17842873139759e-01
 4.55656800825404e-02  1.22831441946705e-01
 5.00562170519587e-02  1.27872823674617e-01
 5.49252394105165e-02  1.32933071294933e-01
 6.01770254405093e-02  1.37998652246944e-01
 6.57973510667483e-02  1.43072947014341e-01
 7.18235524910223e-02  1.48127989330773e-01
 7.82704414394183e-02  1.53149079471203e-01
 8.51687881034802e-02  1.58094712761257e-01
 9.25269924192766e-02  1.62947362263689e-01
 1.00364951057328e-01  1.67680097009084e-01
 1.08670582280930e-01  1.72296989352427e-01
 1.17453660630853e-01  1.76769325192985e-01
 1.26741702014524e-01  1.81060094142510e-01
 1.36513433071215e-01  1.85167068804664e-01
 1.46793389032921e-01  1.89046040892840e-01
 1.57584788339745e-01  1.92670487257667e-01
 1.68878467986364e-01  1.96038882955129e-01
 1.80675732659776e-01  1.99128192866270e-01
 1.92984718302965e-01  2.01898151333112e-01
 2.05806161717869e-01  2.04322966492722e-01
 2.19139368641243e-01  2.06379684864610e-01
 2.32966788501660e-01  2.08088783715893e-01
 2.47283850703132e-01  2.09424814646199e-01
 2.62088493221043e-01  2.10405301173389e-01
 2.77369639594216e-01  2.10998686759423e-01
 2.93128965544022e-01  2.11151753599867e-01
 3.09348297221900e-01  2.10950442034734e-01
 3.26027093663073e-01  2.10280387441743e-01
 3.43153952388943e-01  2.09196921276679e-01
 3.60724073777527e-01  2.07723437289019e-01
 3.78718736223140e-01  2.05781435454738e-01
 3.97139849466111e-01  2.03437711394746e-01
 4.15973177693767e-01  2.00674027427441e-01
 4.35209660944959e-01  1.97492954004246e-01
 4.54831829985897e-01  1.93866504788141e-01
 4.74840491596866e-01  1.89854047297187e-01
 4.95213284227025e-01  1.85424446970685e-01
 5.15943776074441e-01  1.80604170642776e-01
 5.37007214304013e-01  1.75372316171363e-01
 5.58402017852751e-01  1.69784933139341e-01
 5.80137187491352e-01  1.63900738880394e-01
 6.02154010795028e-01  1.57637500338869e-01
 6.24489330765641e-01  1.51119470716491e-01
 6.47060644531580e-01  1.44238719355994e-01
 6.69808913209278e-01  1.37131186272256e-01
 6.92611590929132e-01  1.29702920918565e-01
 7.15663625097580e-01  1.22002515227775e-01
 7.38957328392684e-01  1.14089827409085e-01
 7.62462923422460e-01  1.05917231710745e-01
 7.86161983222762e-01  9.75017347128237e-02
 8.10041450277669e-01  8.88826021101661e-02
 8.34082920723231e-01  8.00793065293253e-02
 8.58247431987979e-01  7.10251128070883e-02
 8.82476271060585e-01  6.18078800671384e-02
 9.06549068950964e-01  5.24907537549358e-02
 9.30655501328958e-01  4.30080782615647e-02
 9.54818130633209e-01  3.33443171619798e-02
 9.78407479088122e-01  2.14210203776999e-02
 1.00000000000000e+00  4.64712714858410e-03
