                   201   NumCoords   ! The number of coordinates in the airfoil shape file (including an extra coordinate for airfoil reference).  Set to zero if coordinates not included.
! ......... x-y coordinates are next if NumCoords > 0 .............
! x-y coordinate of airfoil reference
!  x/c        y/c
 0.242372       0
! coordinates of airfoil shape
! interpolation to 200 points
!  x/c        y/c
 1.00000000000000e+00  4.24764719317059e-03
 9.82383894387660e-01  4.22184792257426e-03
 9.57840004781462e-01  4.20689176152035e-03
 9.33302722578799e-01  4.20475615306312e-03
 9.08783665249160e-01  5.41347474373341e-03
 8.84337420741406e-01  5.48877426319383e-03
 8.60034845142414e-01  4.56941002365162e-03
 8.35932489270917e-01  2.74063951401139e-03
 8.12082301862939e-01  6.32738196544506e-05
 7.88538092142559e-01 -3.45685947083113e-03
 7.65355194554162e-01 -7.81955377850779e-03
 7.42564927712062e-01 -1.29253262027459e-02
 7.20179212798425e-01 -1.86157001443009e-02
 6.98194803639621e-01 -2.47527189092853e-02
 6.76615121546774e-01 -3.12410411364926e-02
 6.55438839823377e-01 -3.79607297168974e-02
 6.34648956937414e-01 -4.47949146570932e-02
 6.14223167695141e-01 -5.16256173698105e-02
 5.94143539404443e-01 -5.83564234807789e-02
 5.74396076597904e-01 -6.49064274389480e-02
 5.54967541678158e-01 -7.11981531403023e-02
 5.35851817899512e-01 -7.71751254806408e-02
 5.17044414313116e-01 -8.27837299588449e-02
 4.98548452778766e-01 -8.79938354675480e-02
 4.80366981064432e-01 -9.27705377841348e-02
 4.62503924522588e-01 -9.70815658074857e-02
 4.44969365352660e-01 -1.00915703577445e-01
 4.27777667640184e-01 -1.04285232039975e-01
 4.10942156456303e-01 -1.07199872879342e-01
 3.94474200909072e-01 -1.09672009122093e-01
 3.78386922654404e-01 -1.11727733561484e-01
 3.62687819294124e-01 -1.13369113131560e-01
 3.47386594317830e-01 -1.14623521427583e-01
 3.32490708072299e-01 -1.15517347926267e-01
 3.18005880348795e-01 -1.16078688855674e-01
 3.03935400737910e-01 -1.16316460216475e-01
 2.90282166830901e-01 -1.16252382325865e-01
 2.77047590700881e-01 -1.15925058975238e-01
 2.64230395032812e-01 -1.15344075215692e-01
 2.51829729976224e-01 -1.14532836024245e-01
 2.39842613608162e-01 -1.13507812505143e-01
 2.28264944573781e-01 -1.12293898732113e-01
 2.17093015972131e-01 -1.10900447053347e-01
 2.06322446173256e-01 -1.09336190221402e-01
 1.95945065706334e-01 -1.07633342524476e-01
 1.85957630816906e-01 -1.05788365613753e-01
 1.76349662912694e-01 -1.03833228280713e-01
 1.67115271729281e-01 -1.01772846147056e-01
 1.58246369240669e-01 -9.96189851333551e-02
 1.49733823135377e-01 -9.73865171805101e-02
 1.41568508183553e-01 -9.50874989909857e-02
 1.33739669784483e-01 -9.27386767178211e-02
 1.26239828055979e-01 -9.03446916035236e-02
 1.19060083841059e-01 -8.79130035214827e-02
 1.12189621906019e-01 -8.54552669035119e-02
 1.05618225113175e-01 -8.29811527705006e-02
 9.93384239852112e-02 -8.04919370915206e-02
 9.33379851903694e-02 -7.80022509618251e-02
 8.76067181434073e-02 -7.55191806811476e-02
 8.21370097059677e-02 -7.30439494933654e-02
 7.69207210527956e-02 -7.05783728026802e-02
 7.19455018168030e-02 -6.81341324179102e-02
 6.72041306608205e-02 -6.57121669731315e-02
 6.26899284587034e-02 -6.33119802626270e-02
 5.83940532161848e-02 -6.09367964103465e-02
 5.43055625210513e-02 -5.85942026771466e-02
 5.04161550427208e-02 -5.62873862145159e-02
 4.67198307286079e-02 -5.40152115803965e-02
 4.32094660206578e-02 -5.17782682711509e-02
 3.98775809238216e-02 -4.95780201448686e-02
 3.67200791632167e-02 -4.74119983664211e-02
 3.37288150318941e-02 -4.52832629460665e-02
 3.08988244118949e-02 -4.31904767391592e-02
 2.82259120558197e-02 -4.11311117295557e-02
 2.56999708201243e-02 -3.91118055037230e-02
 2.33205402491069e-02 -3.71267846281702e-02
 2.10797267032650e-02 -3.51785759691123e-02
 1.89677498798851e-02 -3.32725430217308e-02
 1.69809526480784e-02 -3.14069947174191e-02
 1.51306259824713e-02 -2.95665296364800e-02
 1.34112773282130e-02 -2.77519364421707e-02
 1.18127324515413e-02 -2.59696048013171e-02
 1.03269924244107e-02 -2.42235776004198e-02
 8.96375978504968e-03 -2.25040502132833e-02
 7.72017436801350e-03 -2.08108960558010e-02
 6.57854003610336e-03 -1.91544953665080e-02
 5.45853730366502e-03 -1.75883021902180e-02
 4.44225509522951e-03 -1.60503390502926e-02
 3.57436359807891e-03 -1.45167579687961e-02
 2.85219912163999e-03 -1.29913942026914e-02
 2.24955827048023e-03 -1.14909637922267e-02
 1.77879032418933e-03 -1.00196545054562e-02
 1.41227161016040e-03 -8.58692411718698e-03
 1.14383712187049e-03 -7.19840943587514e-03
 9.16043766509562e-04 -5.86308548038183e-03
 7.09996142123367e-04 -4.58482167209272e-03
 5.18980884190962e-04 -3.36105261809929e-03
 3.39584929866646e-04 -2.18996767932720e-03
 1.67323787037560e-04 -1.06969722415421e-03
 0.00000000000000e+00  0.00000000000000e+00
 1.55757977233667e-04  1.07181580492188e-03
 3.03945211147013e-04  2.19432771789956e-03
 4.48223248800755e-04  3.36839129859970e-03
 5.96045527609750e-04  4.59543568368005e-03
 7.47870616065981e-04  5.87792131710748e-03
 9.14209302499828e-04  7.21650640195265e-03
 1.11289579758749e-03  8.61241292488225e-03
 1.35330239454948e-03  1.00653576367038e-02
 1.68035061340547e-03  1.15654044869360e-02
 2.11021078323598e-03  1.31150062986077e-02
 2.60737490071744e-03  1.47172714470033e-02
 3.19821018649472e-03  1.63656013865652e-02
 3.90762671486544e-03  1.80524944882022e-02
 4.70019047699140e-03  1.97900704682326e-02
 5.57340195133046e-03  2.15826363833394e-02
 6.53217419724004e-03  2.34302603900027e-02
 7.61834102286543e-03  2.53121600967266e-02
 8.82324415106213e-03  2.72330188319794e-02
 1.01380269491108e-02  2.92016879778207e-02
 1.15473184079276e-02  3.12308459070197e-02
 1.30839049730777e-02  3.33005374363572e-02
 1.47498593509387e-02  3.54116852042684e-02
 1.65469874842538e-02  3.75668040536640e-02
 1.84724188624283e-02  3.97718983291883e-02
 2.05431623182059e-02  4.20153477876794e-02
 2.27634214147556e-02  4.42972846990238e-02
 2.51407584896545e-02  4.66147384818537e-02
 2.76837243823452e-02  4.89637875319707e-02
 3.03959600863930e-02  5.13440358305091e-02
 3.32759974080149e-02  5.37631488493989e-02
 3.63319064467760e-02  5.62177008264472e-02
 3.95736006435113e-02  5.87025009235080e-02
 4.30060995673026e-02  6.12176640777947e-02
 4.66380047679444e-02  6.37579464516063e-02
 5.04770741940498e-02  6.63202032334322e-02
 5.45303668689799e-02  6.89024217951590e-02
 5.88044271908159e-02  7.15034491120416e-02
 6.33043935167631e-02  7.41242046820550e-02
 6.80407570589972e-02  7.67562040769001e-02
 7.30219802756253e-02  7.93950299415450e-02
 7.82563085488506e-02  8.20365526209478e-02
 8.37519059316414e-02  8.46766146097251e-02
 8.95168832668261e-02  8.73109310795004e-02
 9.55601385808041e-02  8.99322422213559e-02
 1.01891122480419e-01  9.25324053733003e-02
 1.08518454538496e-01  9.51049464135692e-02
 1.15450271725574e-01  9.76443118975711e-02
 1.22694729142165e-01  1.00144332801326e-01
 1.30260389128711e-01  1.02597217438700e-01
 1.38156579292415e-01  1.04990368973158e-01
 1.46393035015734e-01  1.07308594441894e-01
 1.54976803066513e-01  1.09545522267474e-01
 1.63914242381013e-01  1.11696727480600e-01
 1.73213790481009e-01  1.13746704651572e-01
 1.82883011671988e-01  1.15682600355125e-01
 1.92928633583770e-01  1.17491964182517e-01
 2.03357081725765e-01  1.19159940093191e-01
 2.14173386284724e-01  1.20675243755621e-01
 2.25381867589858e-01  1.22031296366501e-01
 2.36987093074390e-01  1.23214680702011e-01
 2.48993100268633e-01  1.24211116266677e-01
 2.61402759544789e-01  1.25013779225091e-01
 2.74218726468342e-01  1.25601434999996e-01
 2.87443078974712e-01  1.25952133042828e-01
 3.01075996623637e-01  1.26073677318723e-01
 3.15117819943435e-01  1.25982029054301e-01
 3.29567925123769e-01  1.25597431387340e-01
 3.44425953886188e-01  1.24982063725786e-01
 3.59689787393858e-01  1.24102999201768e-01
 3.75358428656334e-01  1.22975762147531e-01
 3.91429120142505e-01  1.21591710059533e-01
 4.07900470726221e-01  1.19965196161703e-01
 4.24768031576172e-01  1.18083407449708e-01
 4.42028163787377e-01  1.15952758658036e-01
 4.59676740968591e-01  1.13576094343283e-01
 4.77709291670456e-01  1.10963204085901e-01
 4.96117611273901e-01  1.08100129824613e-01
 5.14898973595460e-01  1.05014478819407e-01
 5.34045722177358e-01  1.01710074127268e-01
 5.53550731323561e-01  9.81943898092490e-02
 5.73404409821764e-01  9.44668555002198e-02
 5.93599091130514e-01  9.05402092471660e-02
 6.14118187055384e-01  8.64270776095119e-02
 6.34939018335079e-01  8.21290639989878e-02
 6.56068306251759e-01  7.76798988195829e-02
 6.77493035713956e-01  7.30893024392638e-02
 6.99203320212533e-01  6.83870884739152e-02
 7.21183861551353e-01  6.35800239681919e-02
 7.43418913869508e-01  5.86800370197059e-02
 7.65899275438910e-01  5.37310983514780e-02
 7.88606324362593e-01  4.87396373891259e-02
 8.11523212346185e-01  4.37239227172940e-02
 8.34633887008512e-01  3.87098490437327e-02
 8.57916194799851e-01  3.36998119941038e-02
 8.81350338955778e-01  2.87097047956175e-02
 9.04918085730619e-01  2.37657446264300e-02
 9.28594870507449e-01  1.88675601659850e-02
 9.52357714714391e-01  1.39806676632760e-02
 9.76172100214085e-01  9.10282202102885e-03
 1.00000000000000e+00  4.24764719317059e-03
