                   201   NumCoords   ! The number of coordinates in the airfoil shape file (including an extra coordinate for airfoil reference).  Set to zero if coordinates not included.
! ......... x-y coordinates are next if NumCoords > 0 .............
! x-y coordinate of airfoil reference
!  x/c        y/c
 0.554262       0
! coordinates of airfoil shape
! interpolation to 200 points
!  x/c        y/c
 1.00000000000000e+00 -9.53739817019413e-03
 9.73142196247081e-01 -1.49732926720098e-02
 9.46688025316070e-01 -2.32118643110866e-02
 9.20883875347114e-01 -3.33640546045110e-02
 8.95738486306000e-01 -4.52471914861993e-02
 8.71207338194358e-01 -5.81561692933399e-02
 8.47166195974770e-01 -7.16099282447786e-02
 8.23712688864845e-01 -8.54383165776564e-02
 8.00877862071251e-01 -9.93932316351125e-02
 7.78425075443043e-01 -1.13553904818434e-01
 7.56025055286024e-01 -1.27496077375923e-01
 7.33775780655976e-01 -1.41286495436530e-01
 7.11546203564694e-01 -1.54715602260048e-01
 6.89223136262643e-01 -1.67590484960122e-01
 6.66960492885220e-01 -1.80027285142475e-01
 6.44612355841271e-01 -1.91705795609751e-01
 6.22253787785375e-01 -2.02706762186215e-01
 5.99937928831674e-01 -2.12990124075253e-01
 5.78255023381181e-01 -2.22559826875812e-01
 5.56743769747828e-01 -2.31428981077433e-01
 5.35378381680512e-01 -2.39439838124083e-01
 5.14195287963688e-01 -2.46596641788246e-01
 4.93275933064476e-01 -2.53067987834588e-01
 4.72564735488730e-01 -2.58539353683718e-01
 4.52182303455253e-01 -2.63367460896547e-01
 4.32080006421896e-01 -2.67202593410630e-01
 4.12335818563332e-01 -2.70290944699988e-01
 3.92982240852873e-01 -2.72714871155323e-01
 3.74032417958008e-01 -2.74362969054195e-01
 3.55510082127020e-01 -2.75187553279550e-01
 3.37449500416362e-01 -2.75574401265876e-01
 3.19862901934650e-01 -2.75085694883345e-01
 3.02767887435771e-01 -2.74082558990251e-01
 2.86172763323277e-01 -2.72580785894767e-01
 2.70103275210013e-01 -2.70528451544396e-01
 2.54565044861161e-01 -2.67888456899937e-01
 2.39574263341502e-01 -2.64755607571916e-01
 2.25096610867942e-01 -2.61351599010871e-01
 2.11179290314521e-01 -2.57476806538783e-01
 1.97812935713878e-01 -2.53217842831560e-01
 1.84980528061370e-01 -2.48686549201460e-01
 1.72721084581104e-01 -2.43737129143563e-01
 1.60975677065332e-01 -2.38625432960576e-01
 1.49797929754716e-01 -2.33169483840398e-01
 1.39137247789958e-01 -2.27544020013412e-01
 1.29014938203973e-01 -2.21705067986219e-01
 1.19445911038932e-01 -2.15630649546094e-01
 1.10343971774727e-01 -2.09515087695299e-01
 1.01809596738042e-01 -2.03162074706450e-01
 9.37406235160870e-02 -1.96773591026906e-01
 8.61921577923963e-02 -1.90252687107503e-01
 7.91284783733442e-02 -1.83671259763583e-01
 7.25006105757893e-02 -1.77109479979952e-01
 6.63696532031104e-02 -1.70478768494558e-01
 6.06285791232299e-02 -1.63931630815564e-01
 5.52698166245997e-02 -1.57471344721866e-01
 5.03002865971365e-02 -1.51083767665400e-01
 4.56600795530363e-02 -1.44834701617778e-01
 4.14706787444197e-02 -1.38583310299918e-01
 3.75917275966801e-02 -1.32475237669689e-01
 3.39428816739398e-02 -1.26572399506825e-01
 3.06905861311547e-02 -1.20720906903559e-01
 2.77294247461024e-02 -1.15003093693872e-01
 2.50211760774820e-02 -1.09448475816008e-01
 2.25298119664021e-02 -1.04071458436915e-01
 2.01975860323566e-02 -9.89041407618102e-02
 1.81158510882799e-02 -9.38752586310749e-02
 1.62106838408516e-02 -8.90227532438900e-02
 1.44513177184734e-02 -8.43546336673477e-02
 1.28254205348217e-02 -7.98633950603308e-02
 1.13849798890903e-02 -7.55098399969473e-02
 1.00863386682052e-02 -7.13089930956980e-02
 8.91756979187264e-03 -6.72592958815160e-02
 7.88881294547776e-03 -6.33489354702223e-02
 6.97756861611691e-03 -5.95808261118409e-02
 6.16463012608075e-03 -5.59566554508094e-02
 5.45901127351814e-03 -5.24747164660322e-02
 4.84318618776355e-03 -4.91253910848190e-02
 4.27071715864646e-03 -4.59179847165126e-02
 3.73335577345132e-03 -4.28477885775662e-02
 3.28269568237842e-03 -3.98984290988459e-02
 2.91034392088612e-03 -3.70633451608612e-02
 2.57264561658561e-03 -3.43430077386696e-02
 2.23840854995908e-03 -3.17394903859516e-02
 1.91589414196254e-03 -2.92446093567332e-02
 1.62996090505886e-03 -2.68489057266313e-02
 1.38703215528855e-03 -2.45471321132183e-02
 1.17190656533903e-03 -2.23380731633334e-02
 9.72472593575521e-04 -2.02203262365541e-02
 7.85425837087298e-04 -1.81895964126767e-02
 6.34726527244903e-04 -1.62405552123173e-02
 5.25625801881746e-04 -1.43682432649114e-02
 4.32119965444774e-04 -1.25712092989046e-02
 3.30758802144506e-04 -1.08483002314804e-02
 1.84411284450528e-04 -9.19727001748236e-03
 8.04947981757719e-05 -7.60807718861117e-03
 4.93425015677495e-05 -6.06927671432511e-03
 2.62054429843840e-05 -4.56695926461135e-03
 1.18265202794773e-05 -3.04535639718719e-03
 3.31491202272814e-06 -1.27467575019841e-03
 0.00000000000000e+00  0.00000000000000e+00
 2.03979973778249e-05  1.35408097873313e-03
 7.97104022110019e-05  2.76530978435160e-03
 1.81344745543683e-04  4.23413258282247e-03
 3.03451108833751e-04  5.76527730033080e-03
 3.95899845594977e-04  7.36416304505884e-03
 4.80326559777569e-04  9.03243348251676e-03
 5.74011068568009e-04  1.07711843333961e-02
 7.03394017548883e-04  1.25813513603363e-02
 8.91515467752520e-04  1.44654642605261e-02
 1.09437820286390e-03  1.64294160776202e-02
 1.29184016461096e-03  1.84780686418545e-02
 1.50717201487450e-03  2.06128200551517e-02
 1.76694620059852e-03  2.28340662664423e-02
 2.07687831124552e-03  2.51453872774119e-02
 2.40161451342086e-03  2.75883478378968e-02
 2.71033792537715e-03  3.01737069080502e-02
 3.02276650103085e-03  3.28710626918679e-02
 3.37534736039379e-03  3.56779199444959e-02
 3.80877416961059e-03  3.85959627465719e-02
 4.30775105330837e-03  4.16346462430686e-02
 4.82107374362792e-03  4.48106043431772e-02
 5.35691320141769e-03  4.81292629105153e-02
 5.97563604727172e-03  5.15820107823637e-02
 6.71615838574717e-03  5.51707089007594e-02
 7.55076814982377e-03  5.89057600146098e-02
 8.49031020054121e-03  6.27816551438036e-02
 9.56285087287815e-03  6.67924777489026e-02
 1.07842518304542e-02  7.09436519830414e-02
 1.21469253006455e-02  7.52389142097332e-02
 1.36658915458977e-02  7.96774680111311e-02
 1.53331015897676e-02  8.42759541508977e-02
 1.71195331147306e-02  8.90614281312551e-02
 1.90884899852172e-02  9.40077107737543e-02
 2.12611410051881e-02  9.91081539539676e-02
 2.36187730667455e-02  1.04388413614973e-01
 2.61201496946485e-02  1.09885031322583e-01
 2.88857158994923e-02  1.15527360594754e-01
 3.19383613587265e-02  1.21300728026442e-01
 3.52678719826952e-02  1.27221981303029e-01
 3.88837014596090e-02  1.33293099624115e-01
 4.27869710947455e-02  1.39526245852605e-01
 4.69959054489148e-02  1.45909225022298e-01
 5.15925552230419e-02  1.52370111782424e-01
 5.65673677719631e-02  1.58926734248522e-01
 6.18859165988790e-02  1.65622032791443e-01
 6.76097177106602e-02  1.72389409483982e-01
 7.37613569529135e-02  1.79198597386993e-01
 8.03791559884808e-02  1.86005694788814e-01
 8.74731494139633e-02  1.92789890425667e-01
 9.50796195740024e-02  1.99485885235868e-01
 1.03173985058356e-01  2.06129525625369e-01
 1.11768804063740e-01  2.12679102585232e-01
 1.20913643309985e-01  2.19053316457208e-01
 1.30561295895870e-01  2.25317005953963e-01
 1.40757744869851e-01  2.31374595804331e-01
 1.51509998858710e-01  2.37174919577733e-01
 1.62802479597865e-01  2.42745655307801e-01
 1.74638529475450e-01  2.48050841972919e-01
 1.87036892962515e-01  2.53011532907674e-01
 2.00003104982331e-01  2.57549468063563e-01
 2.13541127341463e-01  2.61607560330829e-01
 2.27619219562771e-01  2.65247158887303e-01
 2.42231903774800e-01  2.68463253768426e-01
 2.57378039166136e-01  2.71147950915233e-01
 2.73038535039522e-01  2.73389220658643e-01
 2.89219374743912e-01  2.74973748438784e-01
 3.05887767639397e-01  2.76162416302026e-01
 3.23045957573645e-01  2.76656728901431e-01
 3.40673185900486e-01  2.76581826236064e-01
 3.58762050591202e-01  2.76000827269149e-01
 3.77279359281431e-01  2.74699548565148e-01
 3.96232331346351e-01  2.72872030163851e-01
 4.15594143530336e-01  2.70441775146108e-01
 4.35350737278680e-01  2.67406305431638e-01
 4.55470538431446e-01  2.63656339670226e-01
 4.75958955218987e-01  2.59357094011151e-01
 4.96777397072000e-01  2.54387705872701e-01
 5.17916854169061e-01  2.48796335909071e-01
 5.39339242670194e-01  2.42518862232918e-01
 5.61045324304954e-01  2.35637600398822e-01
 5.83055645147007e-01  2.28306765275545e-01
 6.05280449083450e-01  2.20274821524134e-01
 6.27784999783434e-01  2.11835512893445e-01
 6.50451832422187e-01  2.02703404936255e-01
 6.73455272978085e-01  1.93146890759592e-01
 6.96732131945059e-01  1.82964942733038e-01
 7.20077828044090e-01  1.72168186406955e-01
 7.43551430441681e-01  1.60982399141704e-01
 7.67018570764690e-01  1.49258045713037e-01
 7.90481944765478e-01  1.37056956796884e-01
 8.13947832033025e-01  1.24439623342384e-01
 8.37400099592523e-01  1.11435533388879e-01
 8.60671997838642e-01  9.78981685847640e-02
 8.83924303553993e-01  8.40063612315375e-02
 9.07473215073223e-01  6.98822263166747e-02
 9.30912200640727e-01  5.53269211602724e-02
 9.54251570301034e-01  4.03810360589901e-02
 9.77265914304072e-01  2.53472499936865e-02
 1.00000000000000e+00  1.06367871490513e-02
