                   201   NumCoords   ! The number of coordinates in the airfoil shape file (including an extra coordinate for airfoil reference).  Set to zero if coordinates not included.
! ......... x-y coordinates are next if NumCoords > 0 .............
! x-y coordinate of airfoil reference
!  x/c        y/c
 0.194758       0
! coordinates of airfoil shape
! interpolation to 200 points
!  x/c        y/c
 1.00000000000000e+00  2.52380299625950e-04
 9.76710742094673e-01  2.80646795396760e-03
 9.52846111191040e-01  4.68030058931852e-03
 9.28928236313326e-01  5.66150473777723e-03
 9.05051759603943e-01  5.97865518782106e-03
 8.81385711362958e-01  5.68766596126770e-03
 8.57884375248627e-01  4.53327181777127e-03
 8.34558520437453e-01  2.82756192210700e-03
 8.11447681603467e-01  5.53289483698811e-04
 7.88577944168097e-01 -2.19303610908818e-03
 7.65978365946694e-01 -5.38334702526184e-03
 7.43663185317850e-01 -8.99148534164250e-03
 7.21653668366531e-01 -1.30279798290306e-02
 6.99985336699946e-01 -1.66728247908749e-02
 6.78671718249339e-01 -2.05767697908882e-02
 6.57694098073377e-01 -2.47785525595822e-02
 6.37058959047593e-01 -2.90592339755444e-02
 6.16775796914777e-01 -3.33829499963688e-02
 5.96847548204386e-01 -3.76941082242985e-02
 5.77272790385315e-01 -4.19388576773891e-02
 5.58047422608487e-01 -4.60645885926614e-02
 5.39173123313528e-01 -5.00303491823692e-02
 5.20653510465734e-01 -5.38202648017259e-02
 5.02488422494208e-01 -5.73975432583396e-02
 4.84669943820306e-01 -6.06941328688428e-02
 4.67200290241421e-01 -6.36877007821795e-02
 4.50085344741593e-01 -6.63488530216822e-02
 4.33331916700298e-01 -6.86682219478230e-02
 4.16951418310847e-01 -7.06722191319404e-02
 4.00949365064719e-01 -7.23370631957084e-02
 3.85336907201770e-01 -7.37218141385084e-02
 3.70119558916847e-01 -7.48464200066965e-02
 3.55297940407375e-01 -7.56525597909502e-02
 3.40877027211750e-01 -7.61933310049940e-02
 3.26859688757139e-01 -7.65128466782008e-02
 3.13246662917916e-01 -7.65865140290170e-02
 3.00036429959782e-01 -7.65484474504512e-02
 2.87227235350503e-01 -7.62800522499995e-02
 2.74816398328056e-01 -7.58496893342908e-02
 2.62798986589128e-01 -7.52963211280245e-02
 2.51169464864829e-01 -7.46455976777871e-02
 2.39924039753146e-01 -7.38823870252184e-02
 2.29056782137079e-01 -7.29949631812047e-02
 2.18560099688586e-01 -7.20191430468599e-02
 2.08426616482737e-01 -7.09747169155709e-02
 1.98649030663750e-01 -6.98684926111971e-02
 1.89221259227817e-01 -6.86944921195460e-02
 1.80135212452275e-01 -6.74560367272061e-02
 1.71381228117404e-01 -6.61749053943929e-02
 1.62951960557609e-01 -6.48557558199767e-02
 1.54838374188984e-01 -6.35080071324084e-02
 1.47030329649099e-01 -6.21448338844521e-02
 1.39519974017103e-01 -6.07631836250633e-02
 1.32300643072123e-01 -5.93608472681364e-02
 1.25362843461118e-01 -5.79463159705721e-02
 1.18697696928934e-01 -5.65257199508293e-02
 1.12298046189566e-01 -5.50980381264922e-02
 1.06154614632049e-01 -5.36720735183626e-02
 1.00260173281517e-01 -5.22444353391438e-02
 9.46072985860015e-02 -5.08130747983949e-02
 8.91890573179253e-02 -4.93748482475864e-02
 8.39974974645600e-02 -4.79376103291125e-02
 7.90236545276223e-02 -4.65079190344756e-02
 7.42591924933633e-02 -4.50901004959800e-02
 6.96969857885806e-02 -4.36844815964852e-02
 6.53304842515049e-02 -4.22908404030299e-02
 6.11539081848194e-02 -4.09068513470786e-02
 5.71612592810705e-02 -3.95310104838279e-02
 5.33473151809601e-02 -3.81616302382457e-02
 4.97050956015196e-02 -3.68024350857804e-02
 4.62272744169541e-02 -3.54564093722274e-02
 4.29080536190632e-02 -3.41235308374583e-02
 3.97430039534538e-02 -3.28017375022607e-02
 3.67258848991193e-02 -3.14928784440097e-02
 3.38518788594519e-02 -3.01961860315281e-02
 3.11152490898038e-02 -2.89128703343714e-02
 2.85139548379098e-02 -2.76388615117431e-02
 2.60405268148833e-02 -2.63786133742710e-02
 2.36936855903007e-02 -2.51257869580849e-02
 2.14705185905543e-02 -2.38774213096477e-02
 1.93692013169867e-02 -2.26317918319628e-02
 1.73762151696356e-02 -2.14022028383658e-02
 1.54908902449262e-02 -2.01861338167924e-02
 1.37244423363094e-02 -1.89619598975310e-02
 1.20849204680158e-02 -1.77172751602467e-02
 1.05484448929368e-02 -1.64819674666082e-02
 9.08904960782536e-03 -1.52856273916104e-02
 7.72394503352657e-03 -1.41039264547545e-02
 6.49373724412340e-03 -1.28883357232503e-02
 5.38096227117664e-03 -1.16681594532256e-02
 4.37373971193209e-03 -1.04583447475554e-02
 3.51167926031060e-03 -9.23230458685778e-03
 2.80622210053693e-03 -7.98931565264562e-03
 2.24565574258682e-03 -6.74006226156403e-03
 1.76336032497755e-03 -5.51641638057803e-03
 1.34211511792754e-03 -4.32906173626780e-03
 9.62675733788511e-04 -3.18259190750607e-03
 6.17109662002347e-04 -2.07853010847577e-03
 2.97589051203747e-04 -1.01811532561875e-03
 0.00000000000000e+00  0.00000000000000e+00
 2.32872352340474e-04  1.03455237520275e-03
 4.34518841355648e-04  2.12891651437246e-03
 6.29142552654161e-04  3.27413195194186e-03
 8.22983068552840e-04  4.46967872269731e-03
 1.02460875022626e-03  5.71919968607556e-03
 1.24081314131336e-03  7.02226509160496e-03
 1.48731775617629e-03  8.37999102708920e-03
 1.78163406608369e-03  9.78595873911538e-03
 2.17070058657717e-03  1.12332371163608e-02
 2.64638976756030e-03  1.27221597252038e-02
 3.21333322093138e-03  1.42439139716139e-02
 3.97142287608474e-03  1.57805877848425e-02
 4.93686615915293e-03  1.72945369712088e-02
 6.00901108608433e-03  1.88383521641546e-02
 7.12087839016725e-03  2.04538277644338e-02
 8.33388322471224e-03  2.21035332041113e-02
 9.66446073549798e-03  2.37761138745060e-02
 1.11182650334554e-02  2.54745884343713e-02
 1.26837683084609e-02  2.72213110302775e-02
 1.43615399472586e-02  2.90068369103763e-02
 1.61604876904999e-02  3.08248751257039e-02
 1.80899271981372e-02  3.26704132198418e-02
 2.01464707226970e-02  3.45508469099187e-02
 2.23350847892811e-02  3.64644449124116e-02
 2.46596245638543e-02  3.84104223868355e-02
 2.71255838879881e-02  4.03791781902074e-02
 2.97327777262554e-02  4.23255696733232e-02
 3.24897709442280e-02  4.43021134047396e-02
 3.54033063216344e-02  4.63079213017953e-02
 3.84779474859202e-02  4.83439635527241e-02
 4.17202991016071e-02  5.04108043819095e-02
 4.51351576820277e-02  5.25119006750561e-02
 4.87303431543556e-02  5.46429471508684e-02
 5.25020253793445e-02  5.67950345134889e-02
 5.64586525545308e-02  5.89672042598690e-02
 6.06160988300612e-02  6.11596085289370e-02
 6.49822091576562e-02  6.33732184436989e-02
 6.95642912271991e-02  6.56123567554897e-02
 7.43703057275163e-02  6.78760807846518e-02
 7.94086665763875e-02  7.01592425850224e-02
 8.46882106481788e-02  7.24526418714497e-02
 9.02179476067693e-02  7.47443487214104e-02
 9.60079030147228e-02  7.70226810046615e-02
 1.02061392225872e-01  7.93102626412687e-02
 1.08385108657956e-01  8.16309190844433e-02
 1.14989639162688e-01  8.39737568951285e-02
 1.21888168526749e-01  8.63107852084189e-02
 1.29087089024742e-01  8.86379433008396e-02
 1.36599888211531e-01  9.09345111121883e-02
 1.44430582712454e-01  9.32040675170155e-02
 1.52583329084404e-01  9.54553123236129e-02
 1.61069022993860e-01  9.76829997440045e-02
 1.69915442123497e-01  9.98223772945465e-02
 1.79100101448485e-01  1.01951841235244e-01
 1.88648801201479e-01  1.04001164054146e-01
 1.98570809995022e-01  1.05955376470932e-01
 2.08870657753184e-01  1.07821440734666e-01
 2.19550885026910e-01  1.09614527865810e-01
 2.30616316963384e-01  1.11320258522269e-01
 2.42084663937446e-01  1.12876050788038e-01
 2.53957806286022e-01  1.14310191343967e-01
 2.66234924002164e-01  1.15645922447015e-01
 2.78918913306213e-01  1.16855506248613e-01
 2.92012360828635e-01  1.17880373050117e-01
 3.05517640440617e-01  1.18532745647100e-01
 3.19434154649749e-01  1.18676139421715e-01
 3.33760102982259e-01  1.18576065658793e-01
 3.48495264303585e-01  1.18258305054699e-01
 3.63638496439730e-01  1.17715589348024e-01
 3.79184925352700e-01  1.16946896679609e-01
 3.95132217049343e-01  1.15968703940154e-01
 4.11477670106660e-01  1.14723485384130e-01
 4.28223029476548e-01  1.13154550924226e-01
 4.45350241025254e-01  1.11251574852558e-01
 4.62871371764754e-01  1.09163796643733e-01
 4.80816416286804e-01  1.06723761803338e-01
 4.99204061683850e-01  1.04051085319751e-01
 5.17962810674125e-01  1.01186141188946e-01
 5.37070584452728e-01  9.80162645287517e-02
 5.56521598540193e-01  9.46233688889419e-02
 5.76269408494732e-01  9.09957832398006e-02
 5.96342698393811e-01  8.71274927350321e-02
 6.16732229518398e-01  8.30357963918065e-02
 6.37422220790771e-01  7.87107952216885e-02
 6.58414529754579e-01  7.42283790188271e-02
 6.79694391577700e-01  6.95887197763757e-02
 7.01246662897648e-01  6.47963973215137e-02
 7.23065552373064e-01  5.99001256955397e-02
 7.45129960762713e-01  5.48853490257403e-02
 7.67437236852578e-01  4.98219479228577e-02
 7.89969307863303e-01  4.47171500885609e-02
 8.12715342271970e-01  3.96112115288981e-02
 8.35657247320099e-01  3.45216359755892e-02
 8.58773351319576e-01  2.94506756736686e-02
 8.82043047078647e-01  2.44114738645796e-02
 9.05452667192717e-01  1.94479344808547e-02
 9.28986085750401e-01  1.45945714676087e-02
 9.52605958455082e-01  9.78142330096700e-03
 9.76285008659876e-01  4.99516359726223e-03
 1.00000000000000e+00  2.52380299625951e-04
