                   201   NumCoords   ! The number of coordinates in the airfoil shape file (including an extra coordinate for airfoil reference).  Set to zero if coordinates not included.
! ......... x-y coordinates are next if NumCoords > 0 .............
! x-y coordinate of airfoil reference
!  x/c        y/c
 0.200159       0
! coordinates of airfoil shape
! interpolation to 200 points
!  x/c        y/c
 1.00000000000000e+00  4.46525509285189e-04
 9.76732654029836e-01  2.73671281939640e-03
 9.52806398604384e-01  4.47919460455098e-03
 9.28844254796363e-01  5.53013778478052e-03
 9.04920147081973e-01  6.00396940344319e-03
 8.81156664530616e-01  5.82682507491983e-03
 8.57545587941661e-01  4.83284379974024e-03
 8.34114088522410e-01  3.20103776391411e-03
 8.10900950307777e-01  9.55333397857328e-04
 7.87938554226000e-01 -1.83702288598113e-03
 7.65258105069646e-01 -5.14223227378756e-03
 7.42874946544201e-01 -8.89650050399499e-03
 7.20811877823980e-01 -1.30644045710342e-02
 6.99108703466737e-01 -1.70032390338929e-02
 6.77779819497122e-01 -2.12392222045618e-02
 6.56797359697767e-01 -2.57593748555955e-02
 6.36167646831490e-01 -3.03953121209532e-02
 6.15897577566215e-01 -3.50972021891429e-02
 5.95988212531218e-01 -3.98032209892722e-02
 5.76434992790945e-01 -4.44498735987979e-02
 5.57229624338722e-01 -4.89704496916562e-02
 5.38373013191088e-01 -5.33240842899781e-02
 5.19866461761581e-01 -5.74853222956161e-02
 5.01708823331734e-01 -6.14156035320311e-02
 4.83889608632874e-01 -6.50373056901622e-02
 4.66408884061497e-01 -6.83126327850175e-02
 4.49274557025392e-01 -7.12197970030111e-02
 4.32494017599940e-01 -7.37460796633255e-02
 4.16079619846094e-01 -7.59123289557001e-02
 4.00039609014034e-01 -7.77119585192318e-02
 3.84385739269222e-01 -7.91948234619728e-02
 3.69124679194409e-01 -8.03816595222418e-02
 3.54258944443409e-01 -8.12382925878835e-02
 3.39794425731073e-01 -8.18188095366593e-02
 3.25733868489196e-01 -8.21499500592462e-02
 3.12078690682954e-01 -8.21953440153664e-02
 2.98828165657364e-01 -8.21262002583126e-02
 2.85980939633043e-01 -8.18108288397640e-02
 2.73534608227668e-01 -8.13175141056667e-02
 2.61484569239391e-01 -8.06847613488197e-02
 2.49825558979284e-01 -7.99360713150864e-02
 2.38554013031650e-01 -7.90602167832143e-02
 2.27663492043475e-01 -7.80632341344453e-02
 2.17146490655882e-01 -7.69739991418824e-02
 2.06996109033311e-01 -7.58060354562430e-02
 1.97205331312700e-01 -7.45650379247148e-02
 1.87767789951010e-01 -7.32497254367780e-02
 1.78674786134853e-01 -7.18715215094592e-02
 1.69916625091980e-01 -7.04497433130064e-02
 1.61486403837166e-01 -6.89856824023755e-02
 1.53375162521702e-01 -6.74876890736070e-02
 1.45572147722665e-01 -6.59723407282222e-02
 1.38069033722149e-01 -6.44406582764966e-02
 1.30859385481196e-01 -6.28891065246821e-02
 1.23933481171469e-01 -6.13264444854145e-02
 1.17282339425459e-01 -5.97588343654176e-02
 1.10899137529277e-01 -5.81836330300225e-02
 1.04774440896772e-01 -5.66097593449291e-02
 9.89003885345606e-02 -5.50369797434092e-02
 9.32690653642326e-02 -5.34655505385683e-02
 8.78729946203412e-02 -5.18947254778432e-02
 8.27047132761752e-02 -5.03289084953848e-02
 7.77553877407350e-02 -4.87735871483907e-02
 7.30166911798979e-02 -4.72325511944474e-02
 6.84812419035534e-02 -4.57068527494095e-02
 6.41420444937681e-02 -4.41975427143354e-02
 5.99933026781529e-02 -4.27023018150233e-02
 5.60290237628850e-02 -4.12195515971954e-02
 5.22440170332597e-02 -3.97471796497874e-02
 4.86314398164344e-02 -3.82883018829111e-02
 4.51839240026976e-02 -3.68457128308964e-02
 4.18954286332366e-02 -3.54197855904615e-02
 3.87615991664247e-02 -3.40082257488808e-02
 3.57760648832212e-02 -3.26131547865812e-02
 3.29339016109772e-02 -3.12338353314503e-02
 3.02294402460859e-02 -2.98710016736350e-02
 2.76610758214024e-02 -2.85198857942830e-02
 2.52203536482653e-02 -2.71865656620246e-02
 2.29053319366498e-02 -2.58662351629069e-02
 2.07137783706428e-02 -2.45544411052213e-02
 1.86443355048636e-02 -2.32488582959780e-02
 1.66814118898565e-02 -2.19651960908464e-02
 1.48254226324165e-02 -2.06990831789145e-02
 1.30864675825898e-02 -1.94306019515162e-02
 1.14742105951550e-02 -1.81462413943418e-02
 9.96289868259788e-03 -1.68761748173289e-02
 8.52579396580603e-03 -1.56492013315783e-02
 7.17811940892089e-03 -1.44438904996047e-02
 5.96901278935273e-03 -1.32048059107425e-02
 4.89775256192790e-03 -1.19436640533702e-02
 3.94909061454116e-03 -1.06808914878595e-02
 3.15664741247023e-03 -9.40084942818287e-03
 2.52331157202181e-03 -8.11209719246876e-03
 2.03395269024872e-03 -6.82599425704713e-03
 1.61044661319618e-03 -5.57561544515590e-03
 1.23672708129533e-03 -4.36866782084927e-03
 8.94743247893553e-04 -3.20770859245577e-03
 5.78306620659850e-04 -2.09285063850479e-03
 2.80910989773046e-04 -1.02438593570397e-03
 0.00000000000000e+00  0.00000000000000e+00
 2.39086397567186e-04  1.03496227520069e-03
 4.56313976683784e-04  2.12775502197891e-03
 6.69509042516618e-04  3.27164537967685e-03
 8.84252275704365e-04  4.46613818379391e-03
 1.10810147140866e-03  5.71458889069611e-03
 1.35107839810821e-03  7.01614618285385e-03
 1.63136991901819e-03  8.37181950363487e-03
 1.96729211903391e-03  9.77414835881116e-03
 2.41974491163122e-03  1.12083910939448e-02
 2.97668449547181e-03  1.26780739884738e-02
 3.62767303890866e-03  1.41802546362052e-02
 4.43497024254211e-03  1.56976995392517e-02
 5.40325953944310e-03  1.72134126648059e-02
 6.47134631922286e-03  1.87618836555071e-02
 7.58329395053120e-03  2.03797691115050e-02
 8.79761976519530e-03  2.20309770114952e-02
 1.01264500451705e-02  2.37076041886333e-02
 1.15744034975999e-02  2.54119826027567e-02
 1.31299237038316e-02  2.71622244609238e-02
 1.47949695412992e-02  2.89527297044422e-02
 1.65793382487636e-02  3.07771241814972e-02
 1.84931575387543e-02  3.26300995950959e-02
 2.05319754478159e-02  3.45197921832088e-02
 2.27021357851531e-02  3.64434526709114e-02
 2.50088069089851e-02  3.83996654263564e-02
 2.74577871757541e-02  4.03798947516120e-02
 3.00474012606409e-02  4.23483457855605e-02
 3.27868128942991e-02  4.43486972613163e-02
 3.56829396481826e-02  4.63798525932095e-02
 3.87399643744760e-02  4.84431090050844e-02
 4.19651489709680e-02  5.05376979589962e-02
 4.53640307801324e-02  5.26658485076325e-02
 4.89440239898329e-02  5.48239783365181e-02
 5.27056780461658e-02  5.70048609438804e-02
 5.66546758752267e-02  5.92096630169119e-02
 6.08040344921510e-02  6.14376687430288e-02
 6.51619725180654e-02  6.36886560588003e-02
 6.97363207817951e-02  6.59647447126168e-02
 7.45351800859898e-02  6.82639671382200e-02
 7.95668187958552e-02  7.05817564476305e-02
 8.48396543254987e-02  7.29108943707346e-02
 9.03622018573162e-02  7.52423063744562e-02
 9.61443639023830e-02  7.75656362740241e-02
 1.02190325278758e-01  7.98979368416758e-02
 1.08507429902535e-01  8.22540386629678e-02
 1.15106328380403e-01  8.46235138595647e-02
 1.22000426574774e-01  8.69825672315331e-02
 1.29195532499065e-01  8.93290011773795e-02
 1.36705345551761e-01  9.16410524830940e-02
 1.44533111818570e-01  9.39253412745844e-02
 1.52682678274405e-01  9.61913379031313e-02
 1.61165971211934e-01  9.84282056803396e-02
 1.70012727554059e-01  1.00561452393500e-01
 1.79196488227912e-01  1.02689007104675e-01
 1.88744745508406e-01  1.04731425934190e-01
 1.98667001828147e-01  1.06671436398991e-01
 2.08967933614513e-01  1.08513230255133e-01
 2.19649892648795e-01  1.10272274875377e-01
 2.30716794650294e-01  1.11939716976457e-01
 2.42187094113524e-01  1.13438810218604e-01
 2.54062439107598e-01  1.14784000672664e-01
 2.66342318301067e-01  1.16000525176911e-01
 2.79028738758004e-01  1.17072812448167e-01
 2.92123099995791e-01  1.17973814763335e-01
 3.05628321528584e-01  1.18498779065911e-01
 3.19544297802745e-01  1.18543704992262e-01
 3.33867825613534e-01  1.18339889889386e-01
 3.48597612889108e-01  1.17868462206051e-01
 3.63733528736179e-01  1.17181003413123e-01
 3.79270576428553e-01  1.16230383449255e-01
 3.95205980057289e-01  1.15029496250586e-01
 4.11537091748999e-01  1.13556045519782e-01
 4.28268218949229e-01  1.11828017551049e-01
 4.45378805754274e-01  1.09759362338479e-01
 4.62881822317326e-01  1.07499852713541e-01
 4.80799681970632e-01  1.04907598331983e-01
 4.99147992015051e-01  1.02091484860284e-01
 5.17867223809801e-01  9.91015901753306e-02
 5.36933698595663e-01  9.58210050679979e-02
 5.56345104694435e-01  9.23268305538778e-02
 5.76069843603035e-01  8.86192279052272e-02
 5.96120523199233e-01  8.46882993354305e-02
 6.16487955339618e-01  8.05488094491318e-02
 6.37157940980014e-01  7.61980088539092e-02
 6.58132869005415e-01  7.17110840486509e-02
 6.79398882993426e-01  6.70903978426788e-02
 7.00940626663137e-01  6.23383166776385e-02
 7.22755298053120e-01  5.75146176212501e-02
 7.44820007633437e-01  5.25955759494486e-02
 7.67133189098182e-01  4.76549812263150e-02
 7.89677250325388e-01  4.27011745802511e-02
 8.12439392373869e-01  3.77661404352444e-02
 8.35402777470720e-01  3.28727435274622e-02
 8.58543395184434e-01  2.80136046825678e-02
 8.81841427464534e-01  2.32053645655880e-02
 9.05280627923333e-01  1.84826237811841e-02
 9.28842469591749e-01  1.38701937393242e-02
 9.52498649729873e-01  9.33638996406942e-03
 9.76225296871148e-01  4.85362047266992e-03
 1.00000000000000e+00  4.46525509285189e-04
