# ----- Rotor performance tables for the Generated with AeroElasticSE FAST driver wind turbine ----- 
# ------------ Written on Oct-22-20 using the ROSCO toolbox ------------ 

# Pitch angle vector, 50 entries - x axis (matrix columns) (deg)
-5.0   -4.082   -3.163   -2.245   -1.327   -0.4082   0.5102   1.429   2.347   3.265   4.184   5.102   6.02   6.939   7.857   8.776   9.694   10.61   11.53   12.45   13.37   14.29   15.2   16.12   17.04   17.96   18.88   19.8   20.71   21.63   22.55   23.47   24.39   25.31   26.22   27.14   28.06   28.98   29.9   30.82   31.73   32.65   33.57   34.49   35.41   36.33   37.24   38.16   39.08   40.0   
# TSR vector, 50 entries - y axis (matrix rows) (-)
1.0    1.245    1.49    1.735    1.98    2.224    2.469    2.714    2.959    3.204    3.449    3.694    3.939    4.184    4.429    4.673    4.918    5.163    5.408    5.653    5.898    6.143    6.388    6.633    6.878    7.122    7.367    7.612    7.857    8.102    8.347    8.592    8.837    9.082    9.327    9.571    9.816    10.06    10.31    10.55    10.8    11.04    11.29    11.53    11.78    12.02    12.27    12.51    12.76    13.0    
# Wind speed vector - z axis (m/s)
8.275    

# Power coefficient

0.000818   0.001247   0.001676   0.002105   0.002534   0.002963   0.003391   0.003819   0.004246   0.004673   0.005098   0.005523   0.005947   0.006370   0.006793   0.007214   0.007635   0.008055   0.008474   0.008893   0.009310   0.009727   0.010144   0.010560   0.010976   0.011392   0.011809   0.012228   0.012648   0.013072   0.013500   0.013933   0.014371   0.014815   0.015265   0.015719   0.016176   0.016638   0.017103   0.017572   0.018044   0.018522   0.019006   0.019494   0.019975   0.020439   0.020872   0.021256   0.021570   0.021787   
0.002185   0.002807   0.003428   0.004049   0.004670   0.005290   0.005909   0.006527   0.007144   0.007761   0.008377   0.008991   0.009605   0.010217   0.010829   0.011440   0.012050   0.012659   0.013267   0.013876   0.014486   0.015098   0.015713   0.016333   0.016958   0.017589   0.018227   0.018870   0.019518   0.020167   0.020816   0.021465   0.022112   0.022760   0.023409   0.024063   0.024723   0.025383   0.026035   0.026665   0.027251   0.027765   0.028182   0.028468   0.028593   0.028536   0.028285   0.027839   0.027207   0.026401   
0.004379   0.005246   0.006111   0.006976   0.007840   0.008703   0.009564   0.010425   0.011284   0.012141   0.012997   0.013852   0.014706   0.015559   0.016412   0.017266   0.018123   0.018985   0.019852   0.020726   0.021608   0.022495   0.023388   0.024280   0.025170   0.026053   0.026929   0.027799   0.028665   0.029532   0.030402   0.031277   0.032152   0.033013   0.033837   0.034593   0.035241   0.035741   0.036051   0.036137   0.035976   0.035561   0.034900   0.034005   0.032895   0.031599   0.030144   0.028551   0.026838   0.025022   
0.007581   0.008752   0.009921   0.011089   0.012255   0.013419   0.014580   0.015740   0.016898   0.018055   0.019212   0.020370   0.021533   0.022700   0.023876   0.025060   0.026251   0.027447   0.028644   0.029834   0.031012   0.032173   0.033319   0.034452   0.035580   0.036709   0.037845   0.038984   0.040117   0.041219   0.042253   0.043172   0.043917   0.044431   0.044665   0.044585   0.044175   0.043445   0.042418   0.041122   0.039586   0.037844   0.035925   0.033858   0.031666   0.029367   0.026976   0.024509   0.021980   0.019398   
0.011960   0.013500   0.015038   0.016573   0.018105   0.019635   0.021163   0.022691   0.024222   0.025758   0.027303   0.028856   0.030419   0.031987   0.033554   0.035110   0.036644   0.038150   0.039627   0.041079   0.042519   0.043958   0.045405   0.046860   0.048313   0.049732   0.051073   0.052270   0.053246   0.053927   0.054250   0.054167   0.053663   0.052758   0.051482   0.049877   0.047987   0.045851   0.043503   0.040976   0.038301   0.035502   0.032598   0.029605   0.026538   0.023407   0.020217   0.016971   0.013670   0.010316   
0.017665   0.019646   0.021624   0.023600   0.025574   0.027550   0.029532   0.031523   0.033524   0.035534   0.037550   0.039558   0.041543   0.043488   0.045386   0.047237   0.049054   0.050856   0.052659   0.054477   0.056307   0.058128   0.059892   0.061528   0.062943   0.064039   0.064725   0.064929   0.064611   0.063779   0.062466   0.060723   0.058608   0.056176   0.053473   0.050535   0.047402   0.044107   0.040681   0.037143   0.033512   0.029802   0.026024   0.022181   0.018272   0.014295   0.010251   0.006145   0.001990   -0.002190   
0.024836   0.027340   0.029843   0.032349   0.034863   0.037387   0.039923   0.042466   0.045003   0.047511   0.049964   0.052342   0.054647   0.056897   0.059119   0.061339   0.063579   0.065841   0.068101   0.070299   0.072344   0.074116   0.075494   0.076366   0.076644   0.076287   0.075302   0.073735   0.071650   0.069123   0.066221   0.062997   0.059499   0.055770   0.051850   0.047776   0.043577   0.039273   0.034881   0.030412   0.025873   0.021260   0.016567   0.011791   0.006932   0.001999   -0.002985   -0.007979   -0.012916   -0.017702   
0.033615   0.036738   0.039870   0.043013   0.046167   0.049327   0.052470   0.055556   0.058545   0.061418   0.064192   0.066907   0.069601   0.072308   0.075049   0.077813   0.080545   0.083140   0.085459   0.087351   0.088675   0.089317   0.089211   0.088346   0.086762   0.084533   0.081749   0.078497   0.074843   0.070849   0.066566   0.062041   0.057320   0.052443   0.047440   0.042331   0.037135   0.031861   0.026507   0.021068   0.015534   0.009896   0.004155   -0.001679   -0.007576   -0.013479   -0.019295   -0.024902   -0.030157   -0.034921   
0.044148   0.048001   0.051867   0.055739   0.059590   0.063360   0.066981   0.070432   0.073752   0.077000   0.080230   0.083485   0.086788   0.090115   0.093377   0.096423   0.099076   0.101157   0.102510   0.103031   0.102665   0.101420   0.099357   0.096573   0.093174   0.089253   0.084891   0.080153   0.075097   0.069772   0.064234   0.058527   0.052683   0.046728   0.040686   0.034560   0.028343   0.022028   0.015603   0.009054   0.002372   -0.004431   -0.011325   -0.018242   -0.025073   -0.031667   -0.037848   -0.043435   -0.048315   -0.052512   
0.056573   0.061261   0.065938   0.070526   0.074915   0.079059   0.083015   0.086868   0.090695   0.094554   0.098476   0.102433   0.106306   0.109905   0.113014   0.115429   0.116983   0.117569   0.117138   0.115699   0.113321   0.110120   0.106211   0.101704   0.096694   0.091256   0.085450   0.079335   0.072973   0.066414   0.059697   0.052859   0.045929   0.038907   0.031784   0.024553   0.017199   0.009699   0.002036   -0.005788   -0.013746   -0.021775   -0.029758   -0.037525   -0.044869   -0.051562   -0.057419   -0.062406   -0.066663   -0.070413   
0.071003   0.076564   0.081907   0.086912   0.091624   0.096170   0.100659   0.105172   0.109763   0.114416   0.118998   0.123282   0.127016   0.129967   0.131950   0.132847   0.132604   0.131212   0.128737   0.125303   0.121032   0.116056   0.110491   0.104423   0.097919   0.091046   0.083875   0.076460   0.068849   0.061097   0.053240   0.045284   0.037218   0.029035   0.020721   0.012245   0.003577   -0.005293   -0.014352   -0.023555   -0.032794   -0.041898   -0.050637   -0.058742   -0.065948   -0.072101   -0.077259   -0.081664   -0.085586   -0.089209   
0.087385   0.093502   0.099162   0.104524   0.109758   0.114981   0.120281   0.125682   0.131063   0.136174   0.140723   0.144441   0.147115   0.148606   0.148848   0.147805   0.145514   0.142092   0.137671   0.132397   0.126413   0.119825   0.112712   0.105150   0.097216   0.088971   0.080471   0.071788   0.062977   0.054052   0.045010   0.035846   0.026545   0.017073   0.007392   -0.002526   -0.012688   -0.023075   -0.033612   -0.044147   -0.054453   -0.064238   -0.073169   -0.080965   -0.087504   -0.092930   -0.097568   -0.101714   -0.105527   -0.109112   
0.105093   0.111485   0.117590   0.123604   0.129657   0.135832   0.142072   0.148131   0.153677   0.158398   0.162036   0.164423   0.165468   0.165117   0.163361   0.160273   0.155990   0.150665   0.144459   0.137515   0.129932   0.121794   0.113189   0.104183   0.094840   0.085242   0.075466   0.065549   0.055502   0.045329   0.035017   0.024532   0.013830   0.002874   -0.008365   -0.019899   -0.031701   -0.043665   -0.055598   -0.067219   -0.078166   -0.088049   -0.096573   -0.103635   -0.109444   -0.114390   -0.118786   -0.122798   -0.126565   -0.130158   
0.123684   0.130625   0.137510   0.144483   0.151589   0.158663   0.165350   0.171280   0.176146   0.179726   0.181900   0.182592   0.181765   0.179416   0.175642   0.170604   0.164466   0.157398   0.149543   0.141001   0.131871   0.122228   0.112140   0.101696   0.090989   0.080080   0.069010   0.057804   0.046458   0.034943   0.023212   0.011221   -0.001067   -0.013691   -0.026668   -0.039967   -0.053455   -0.066901   -0.079977   -0.092247   -0.103261   -0.112706   -0.120471   -0.126791   -0.132118   -0.136799   -0.141031   -0.144963   -0.148739   -0.152521   
0.143410   0.151257   0.159222   0.167289   0.175182   0.182475   0.188790   0.193844   0.197454   0.199527   0.200005   0.198848   0.196047   0.191722   0.186047   0.179194   0.171341   0.162636   0.153191   0.143097   0.132428   0.121273   0.109733   0.097893   0.085816   0.073562   0.061163   0.048599   0.035827   0.022800   0.009474   -0.004195   -0.018256   -0.032737   -0.047604   -0.062710   -0.077795   -0.092487   -0.106276   -0.118644   -0.129249   -0.137941   -0.144933   -0.150727   -0.155751   -0.160222   -0.164325   -0.168326   -0.172477   -0.176691   
0.164597   0.173612   0.182653   0.191363   0.199278   0.206031   0.211364   0.215124   0.217245   0.217674   0.216355   0.213273   0.208550   0.202371   0.194916   0.186372   0.176899   0.166612   0.155594   0.143935   0.131741   0.119110   0.106120   0.092857   0.079395   0.065766   0.051941   0.037871   0.023511   0.008812   -0.006278   -0.021819   -0.037847   -0.054341   -0.071152   -0.087997   -0.104474   -0.120005   -0.133987   -0.146027   -0.155920   -0.163795   -0.170183   -0.175629   -0.180380   -0.184683   -0.188942   -0.193401   -0.197980   -0.202738   
0.187376   0.197403   0.206944   0.215528   0.222808   0.228542   0.232597   0.234937   0.235499   0.234214   0.231045   0.226099   0.219572   0.211651   0.202531   0.192390   0.181334   0.169456   0.156866   0.143672   0.129962   0.115828   0.101372   0.086681   0.071789   0.056668   0.041271   0.025548   0.009446   -0.007097   -0.024146   -0.041751   -0.059912   -0.078496   -0.097210   -0.115634   -0.133139   -0.149019   -0.162800   -0.174216   -0.183259   -0.190430   -0.196399   -0.201520   -0.206070   -0.210577   -0.215248   -0.220278   -0.225702   -0.231038   
0.211249   0.221651   0.230976   0.238893   0.245166   0.249683   0.252424   0.253320   0.252284   0.249248   0.244282   0.237587   0.229361   0.219809   0.209115   0.197391   0.184747   0.171301   0.157155   0.142405   0.127153   0.111511   0.095575   0.079396   0.062957   0.046211   0.029104   0.011576   -0.006441   -0.025017   -0.044215   -0.064061   -0.084462   -0.105129   -0.125638   -0.145338   -0.163413   -0.179262   -0.192557   -0.203138   -0.211370   -0.218017   -0.223626   -0.228517   -0.233224   -0.238074   -0.243522   -0.249545   -0.255610   -0.261373   
0.235190   0.245335   0.254009   0.260974   0.266128   0.269464   0.270907   0.270351   0.267693   0.262944   0.256293   0.247954   0.238139   0.227035   0.214774   0.201482   0.187275   0.172255   0.156527   0.140204   0.123400   0.106219   0.088742   0.070971   0.052862   0.034357   0.015389   -0.004114   -0.024227   -0.045022   -0.066552   -0.088780   -0.111452   -0.134146   -0.156222   -0.176784   -0.195047   -0.210590   -0.223146   -0.232836   -0.240408   -0.246647   -0.252015   -0.256913   -0.261946   -0.267668   -0.274207   -0.281016   -0.287810   -0.294559   
0.258270   0.267819   0.275640   0.281616   0.285748   0.287963   0.288131   0.286117   0.281857   0.275498   0.267271   0.257394   0.246058   0.233426   0.219628   0.204781   0.188993   0.172379   0.155055   0.137135   0.118737   0.099964   0.080858   0.061380   0.041472   0.021059   0.000066   -0.021586   -0.043974   -0.067174   -0.091205   -0.115892   -0.140824   -0.165400   -0.188700   -0.209730   -0.227904   -0.242886   -0.254555   -0.263439   -0.270505   -0.276507   -0.281700   -0.286901   -0.292747   -0.299635   -0.307182   -0.315075   -0.322819   -0.330388   
0.279917   0.288761   0.295758   0.300897   0.304117   0.305264   0.304176   0.300712   0.294936   0.287085   0.277383   0.266035   0.253227   0.239097   0.223767   0.207350   0.189968   0.171741   0.152784   0.133223   0.113182   0.092746   0.071905   0.050595   0.028742   0.006264   -0.016919   -0.040890   -0.065738   -0.091529   -0.118190   -0.145363   -0.172492   -0.198697   -0.222829   -0.244030   -0.261875   -0.276104   -0.286871   -0.295085   -0.301888   -0.307592   -0.312992   -0.318873   -0.325850   -0.334009   -0.342959   -0.351819   -0.360536   -0.369350   
0.299832   0.308070   0.314446   0.318916   0.321313   0.321442   0.319109   0.314257   0.307089   0.297842   0.286744   0.273993   0.259743   0.244121   0.227250   0.209254   0.190253   0.170369   0.149736   0.128487   0.106747   0.084556   0.061858   0.038576   0.014629   -0.010069   -0.035607   -0.062080   -0.089578   -0.118128   -0.147492   -0.177153   -0.206325   -0.233819   -0.258442   -0.279584   -0.296916   -0.310283   -0.320191   -0.328027   -0.334500   -0.340254   -0.346176   -0.353012   -0.361461   -0.371279   -0.381385   -0.391377   -0.401489   -0.411664   
0.317933   0.325820   0.331807   0.335745   0.337404   0.336546   0.333007   0.326885   0.318428   0.307885   0.295468   0.281352   0.265671   0.248557   0.230137   0.210531   0.189869   0.168290   0.145931   0.122943   0.099432   0.075370   0.050683   0.025289   -0.000900   -0.027979   -0.056047   -0.085207   -0.115545   -0.146985   -0.179096   -0.211191   -0.242157   -0.270566   -0.295440   -0.316362   -0.333046   -0.345454   -0.354761   -0.362253   -0.368633   -0.374747   -0.381339   -0.389674   -0.399969   -0.411290   -0.422698   -0.434204   -0.445722   -0.457312   
0.334261   0.342102   0.347910   0.351442   0.352424   0.350621   0.345974   0.338699   0.329067   0.317314   0.303632   0.288169   0.271067   0.252454   0.232454   0.211204   0.188845   0.165518   0.141387   0.116605   0.091217   0.065160   0.038354   0.010707   -0.017879   -0.047506   -0.078285   -0.110324   -0.143679   -0.178098   -0.212980   -0.247363   -0.279790   -0.308822   -0.333805   -0.354395   -0.370225   -0.381807   -0.390654   -0.397965   -0.404569   -0.411024   -0.418952   -0.429147   -0.441351   -0.454259   -0.467269   -0.480262   -0.493336   -0.506450   
0.348875   0.356976   0.362791   0.366024   0.366398   0.363723   0.358097   0.349800   0.339096   0.326203   0.311287   0.294498   0.275971   0.255834   0.234230   0.211300   0.187191   0.162073   0.136120   0.109461   0.082083   0.053908   0.024847   -0.005201   -0.036344   -0.068693   -0.102368   -0.137481   -0.174001   -0.211468   -0.249083   -0.285517   -0.319064   -0.348567   -0.373578   -0.393613   -0.408567   -0.419464   -0.428018   -0.435480   -0.442137   -0.449606   -0.459191   -0.471586   -0.485804   -0.500441   -0.515045   -0.529740   -0.544414   -0.559312   
0.361803   0.370457   0.376450   0.379496   0.379342   0.375922   0.369467   0.360271   0.348584   0.334599   0.318481   0.300370   0.280404   0.258727   0.235484   0.210827   0.184928   0.157969   0.130130   0.101496   0.072014   0.041595   0.010138   -0.022466   -0.056331   -0.091582   -0.128345   -0.166724   -0.206522   -0.247080   -0.287299   -0.325487   -0.359937   -0.389861   -0.414687   -0.434078   -0.448185   -0.458549   -0.467209   -0.474533   -0.481844   -0.490608   -0.502339   -0.517202   -0.533451   -0.549818   -0.566261   -0.582648   -0.599235   -0.615972   
0.373028   0.382510   0.388866   0.391845   0.391293   0.387292   0.380156   0.370171   0.357572   0.342544   0.325240   0.305807   0.284396   0.261151   0.236228   0.209806   0.182068   0.153213   0.123415   0.092702   0.060995   0.028196   -0.005803   -0.041119   -0.077878   -0.116214   -0.156266   -0.198083   -0.241247   -0.284880   -0.327495   -0.367177   -0.402473   -0.432630   -0.457199   -0.475833   -0.489174   -0.499473   -0.507896   -0.515594   -0.523762   -0.534316   -0.548707   -0.566053   -0.584296   -0.602621   -0.620876   -0.639289   -0.657831   -0.676485   
0.382600   0.393066   0.399989   0.403072   0.402291   0.397893   0.390213   0.379538   0.366096   0.350058   0.331585   0.310836   0.287959   0.263114   0.236481   0.208249   0.178621   0.147813   0.115969   0.083064   0.049006   0.013690   -0.023000   -0.061192   -0.101023   -0.142636   -0.186178   -0.231574   -0.278162   -0.324769   -0.369575   -0.410625   -0.446621   -0.476945   -0.501090   -0.518972   -0.531944   -0.541870   -0.550530   -0.558705   -0.568144   -0.581093   -0.598338   -0.618171   -0.638536   -0.658795   -0.679200   -0.699683   -0.720263   -0.741174   
0.390665   0.402050   0.409773   0.413172   0.412380   0.407759   0.399667   0.388402   0.374173   0.357162   0.337543   0.315469   0.291106   0.264637   0.236254   0.206164   0.174598   0.141772   0.107781   0.072566   0.036028   -0.001947   -0.041484   -0.082720   -0.125804   -0.170895   -0.218119   -0.267198   -0.317217   -0.366664   -0.413529   -0.455818   -0.492417   -0.522726   -0.546508   -0.563830   -0.576138   -0.586206   -0.595090   -0.604069   -0.615347   -0.631053   -0.651323   -0.673678   -0.696105   -0.718651   -0.741235   -0.763914   -0.786803   -0.810211   
0.397280   0.409497   0.418157   0.422144   0.421570   0.416905   0.408540   0.396772   0.381821   0.363880   0.343121   0.319716   0.293854   0.265729   0.235556   0.203568   0.170009   0.135084   0.098839   0.061193   0.022041   -0.018739   -0.061282   -0.105737   -0.152265   -0.201036   -0.252109   -0.304934   -0.358346   -0.410554   -0.459358   -0.502709   -0.539770   -0.570253   -0.593595   -0.610085   -0.622266   -0.632381   -0.641782   -0.651974   -0.665496   -0.684373   -0.707774   -0.732471   -0.757315   -0.782173   -0.807086   -0.832239   -0.857534   -0.883790   
0.402424   0.415469   0.425087   0.429961   0.429858   0.425340   0.416837   0.404665   0.389058   0.370216   0.348329   0.323593   0.296211   0.266402   0.234403   0.200469   0.164854   0.127741   0.089129   0.048928   0.007025   -0.036711   -0.082425   -0.130279   -0.180447   -0.233096   -0.288142   -0.344749   -0.401525   -0.456464   -0.506946   -0.551288   -0.589034   -0.619452   -0.642197   -0.658199   -0.670131   -0.680662   -0.690781   -0.702579   -0.718789   -0.741212   -0.767536   -0.794856   -0.822148   -0.849471   -0.877004   -0.904729   -0.932572   -0.962156   
0.406024   0.419973   0.430558   0.436577   0.437227   0.433057   0.424563   0.412090   0.395886   0.376177   0.353180   0.327109   0.298190   0.266669   0.232806   0.196874   0.159131   0.119731   0.078638   0.035754   -0.009042   -0.055889   -0.104945   -0.156384   -0.210389   -0.267096   -0.326195   -0.386619   -0.446798   -0.504296   -0.556345   -0.601805   -0.640020   -0.670452   -0.692549   -0.707925   -0.720129   -0.731056   -0.742310   -0.756011   -0.775502   -0.801408   -0.830875   -0.860811   -0.890705   -0.920781   -0.951066   -0.981465   -1.012110   -1.045545   
0.408028   0.422951   0.434601   0.441930   0.443648   0.440048   0.431721   0.419043   0.402307   0.381774   0.357682   0.330274   0.299806   0.266544   0.230772   0.192782   0.152834   0.111044   0.067352   0.021653   -0.026181   -0.076300   -0.128874   -0.184088   -0.242122   -0.303034   -0.366248   -0.430579   -0.494169   -0.553979   -0.607575   -0.654223   -0.693066   -0.723057   -0.744527   -0.759771   -0.772067   -0.783903   -0.796368   -0.812617   -0.835518   -0.865226   -0.897752   -0.930423   -0.963212   -0.996188   -1.029352   -1.062564   -1.096385   -1.134108   
0.408458   0.424322   0.437200   0.445952   0.449081   0.446298   0.438295   0.425520   0.408328   0.387012   0.361846   0.333104   0.301069   0.266032   0.228305   0.188194   0.145957   0.101669   0.055256   0.006606   -0.044416   -0.097972   -0.154244   -0.213424   -0.275664   -0.340892   -0.408313   -0.476686   -0.543482   -0.605480   -0.660944   -0.708725   -0.747680   -0.777531   -0.798532   -0.813408   -0.826433   -0.839074   -0.853354   -0.872281   -0.899115   -0.932643   -0.968213   -1.003913   -1.039756   -1.075782   -1.111969   -1.148188   -1.185589   -1.227989   
0.407347   0.424100   0.438288   0.448625   0.453473   0.451772   0.444267   0.431521   0.413951   0.391901   0.365684   0.335609   0.301987   0.265140   0.225407   0.183107   0.138490   0.091594   0.042334   -0.009405   -0.063771   -0.120934   -0.181088   -0.244415   -0.311020   -0.380659   -0.452464   -0.524893   -0.594753   -0.659147   -0.716317   -0.765069   -0.804445   -0.833872   -0.854282   -0.869380   -0.883016   -0.897000   -0.913148   -0.935255   -0.966352   -1.003638   -1.042475   -1.081365   -1.120424   -1.159664   -1.199066   -1.238475   -1.279907   -1.327354   
0.404849   0.422432   0.437806   0.449929   0.456745   0.456428   0.449624   0.437041   0.419180   0.396449   0.369206   0.337796   0.302566   0.263872   0.222078   0.177517   0.130425   0.080806   0.028571   -0.026402   -0.084269   -0.145213   -0.209431   -0.277077   -0.348179   -0.422367   -0.498761   -0.575058   -0.647976   -0.714926   -0.773927   -0.823487   -0.862956   -0.892176   -0.912115   -0.927517   -0.942211   -0.957592   -0.975873   -1.001741   -1.037188   -1.078399   -1.120609   -1.162872   -1.205310   -1.247977   -1.290754   -1.333569   -1.379533   -1.432365   
0.401156   0.419555   0.435886   0.449777   0.458793   0.460223   0.454347   0.442073   0.424020   0.400663   0.372417   0.339671   0.302810   0.262230   0.218317   0.171419   0.121751   0.069292   0.013950   -0.044404   -0.105935   -0.170837   -0.239294   -0.311414   -0.387142   -0.466095   -0.547114   -0.627214   -0.703516   -0.772913   -0.833326   -0.883884   -0.923732   -0.952283   -0.972095   -0.988091   -1.004041   -1.020825   -1.041826   -1.071709   -1.111818   -1.156965   -1.202710   -1.248524   -1.294549   -1.340840   -1.387119   -1.433652   -1.484645   -1.543172   
0.396344   0.415624   0.432842   0.448075   0.459511   0.463100   0.458412   0.446616   0.428473   0.404549   0.375323   0.341238   0.302723   0.260214   0.214121   0.164807   0.112457   0.057038   -0.001546   -0.063432   -0.128795   -0.197829   -0.270691   -0.347424   -0.427950   -0.511903   -0.597417   -0.681543   -0.761214   -0.832988   -0.895151   -0.946525   -0.986263   -1.014602   -1.034263   -1.051285   -1.068381   -1.087028   -1.110972   -1.145379   -1.190275   -1.239415   -1.288864   -1.338433   -1.388279   -1.438338   -1.488272   -1.538923   -1.595397   -1.659934   
0.390559   0.410749   0.428841   0.445100   0.458814   0.464993   0.461795   0.450660   0.432538   0.408108   0.377928   0.342500   0.302308   0.257824   0.209487   0.157672   0.102533   0.044030   -0.017935   -0.083508   -0.152870   -0.226206   -0.303625   -0.385109   -0.470676   -0.559697   -0.649698   -0.738242   -0.821240   -0.895223   -0.958954   -1.011278   -1.051035   -1.078910   -1.098942   -1.116977   -1.135489   -1.156177   -1.183501   -1.222836   -1.272607   -1.325827   -1.379173   -1.432742   -1.486586   -1.540574   -1.594362   -1.649556   -1.711940   -1.782815   
0.383718   0.404914   0.424005   0.441222   0.456602   0.465820   0.464465   0.454194   0.436211   0.411341   0.380233   0.343461   0.301565   0.255059   0.204411   0.150005   0.091968   0.030255   -0.035234   -0.104651   -0.178181   -0.255980   -0.338095   -0.424509   -0.515378   -0.609378   -0.704270   -0.797171   -0.883206   -0.959778   -1.025289   -1.078037   -1.117863   -1.145544   -1.166112   -1.185256   -1.205442   -1.228347   -1.259583   -1.304139   -1.358871   -1.416282   -1.473779   -1.531546   -1.589563   -1.647676   -1.705525   -1.765723   -1.834420   -1.911975   
0.375979   0.398237   0.418322   0.436595   0.453124   0.465473   0.466381   0.457203   0.439490   0.414248   0.382240   0.344121   0.300495   0.251917   0.198889   0.141799   0.080748   0.015697   -0.053461   -0.126883   -0.204745   -0.287158   -0.374103   -0.465692   -0.561972   -0.660995   -0.761241   -0.858483   -0.947684   -1.026646   -1.093610   -1.147163   -1.186875   -1.214603   -1.235702   -1.256371   -1.278192   -1.303749   -1.339290   -1.389369   -1.449120   -1.510900   -1.572786   -1.634930   -1.697337   -1.759753   -1.821903   -1.887588   -1.962988   -2.047574   
0.367226   0.390691   0.411942   0.431249   0.448896   0.463806   0.467494   0.459667   0.442366   0.416827   0.383950   0.344482   0.299096   0.248394   0.192914   0.133042   0.068864   0.000342   -0.072633   -0.150220   -0.232572   -0.319741   -0.411676   -0.508722   -0.610319   -0.714886   -0.820484   -0.921695   -1.014361   -1.096026   -1.164334   -1.218387   -1.258232   -1.286000   -1.308036   -1.330220   -1.353950   -1.382433   -1.422732   -1.478581   -1.543434   -1.609807   -1.676274   -1.743008   -1.810019   -1.876907   -1.943646   -2.015306   -2.097799   -2.189771   
0.357671   0.382370   0.404786   0.425318   0.444047   0.460736   0.467738   0.461563   0.444832   0.419077   0.385362   0.344544   0.297367   0.244488   0.186480   0.123725   0.056302   -0.015825   -0.092767   -0.174679   -0.261672   -0.353727   -0.450870   -0.553562   -0.660509   -0.771178   -0.882146   -0.987585   -1.083622   -1.167469   -1.237357   -1.291970   -1.331956   -1.359860   -1.383118   -1.406928   -1.432760   -1.464496   -1.510010   -1.571833   -1.641931   -1.713082   -1.784343   -1.855899   -1.927704   -1.999243   -2.070911   -2.149032   -2.239007   -2.338723   
0.347195   0.373335   0.397033   0.418737   0.438683   0.456643   0.467032   0.462864   0.446877   0.420993   0.386476   0.344305   0.295307   0.240193   0.179580   0.113840   0.043052   -0.032818   -0.113881   -0.200271   -0.292049   -0.389125   -0.491751   -0.600022   -0.712801   -0.829747   -0.945716   -1.055656   -1.155323   -1.241558   -1.312693   -1.367956   -1.407953   -1.436447   -1.460926   -1.486608   -1.514675   -1.550056   -1.601201   -1.669221   -1.744687   -1.820812   -1.897111   -1.973704   -2.050498   -2.126875   -2.203854   -2.288918   -2.386763   -2.494583   
0.335787   0.363448   0.388629   0.411660   0.432784   0.451916   0.465269   0.463535   0.448490   0.422573   0.387291   0.343766   0.292911   0.235506   0.172206   0.103376   0.029100   -0.050652   -0.135987   -0.227005   -0.323701   -0.425974   -0.534338   -0.648179   -0.767469   -0.890682   -1.012042   -1.126435   -1.229238   -1.317949   -1.390443   -1.446294   -1.486536   -1.515659   -1.541658   -1.569265   -1.599782   -1.639214   -1.696404   -1.770828   -1.851770   -1.933111   -2.014673   -2.096522   -2.178507   -2.259924   -2.342634   -2.435112   -2.541217   -2.657500   
0.323610   0.352884   0.379536   0.404033   0.426413   0.446752   0.462406   0.463537   0.449657   0.423811   0.387805   0.342922   0.290177   0.230421   0.164350   0.092324   0.014436   -0.069341   -0.159098   -0.254890   -0.356628   -0.464330   -0.578501   -0.698108   -0.824452   -0.953517   -1.080571   -1.199639   -1.305895   -1.396859   -1.470658   -1.526977   -1.567771   -1.597632   -1.625319   -1.654953   -1.688169   -1.732068   -1.795740   -1.876703   -1.963276   -2.050083   -2.137124   -2.224455   -2.311837   -2.398517   -2.487402   -2.587761   -2.702515   -2.827629   
0.310562   0.341630   0.369911   0.395827   0.419622   0.441122   0.458673   0.462820   0.450361   0.424702   0.388015   0.341771   0.287100   0.224933   0.156004   0.080674   -0.000954   -0.088899   -0.183224   -0.283929   -0.390843   -0.504244   -0.624098   -0.750327   -0.883569   -1.019068   -1.151829   -1.275155   -1.384929   -1.478235   -1.553221   -1.610361   -1.651603   -1.682476   -1.711939   -1.743746   -1.779909   -1.828750   -1.899284   -1.986909   -2.079312   -2.171816   -2.264561   -2.357608   -2.450592   -2.542783   -2.638308   -2.747010   -2.870805   -3.005122   
0.296661   0.329599   0.359678   0.387180   0.412321   0.435103   0.454271   0.461323   0.450586   0.425239   0.387918   0.340311   0.283678   0.219036   0.147161   0.068417   -0.017081   -0.109337   -0.208374   -0.314119   -0.426382   -0.545700   -0.671244   -0.804817   -0.944737   -1.086877   -1.225560   -1.353468   -1.466620   -1.562134   -1.638230   -1.696376   -1.738235   -1.770200   -1.801576   -1.835705   -1.875091   -1.929382   -2.007093   -2.101538   -2.199963   -2.298399   -2.397086   -2.496086   -2.594878   -2.692853   -2.795496   -2.913005   -3.046230   -3.190131   
0.282094   0.316936   0.348808   0.378030   0.404618   0.428717   0.449310   0.458972   0.450310   0.425415   0.387509   0.338537   0.279905   0.212725   0.137814   0.055542   -0.033957   -0.130664   -0.234554   -0.345458   -0.463296   -0.588521   -0.720291   -0.861243   -1.008193   -1.157345   -1.301579   -1.434218   -1.550850   -1.648404   -1.725979   -1.785066   -1.827679   -1.860851   -1.894299   -1.930882   -1.973841   -2.034043   -2.119248   -2.220670   -2.325314   -2.429926   -2.534801   -2.639993   -2.744800   -2.848861   -2.959109   -3.085889   -3.228938   -3.382808   
0.266912   0.303765   0.337454   0.368337   0.396533   0.421896   0.443830   0.455797   0.449507   0.425220   0.386784   0.336445   0.275778   0.205995   0.127954   0.042040   -0.051593   -0.152891   -0.261770   -0.377958   -0.501626   -0.632618   -0.771487   -0.919915   -1.074114   -1.230431   -1.380467   -1.517708   -1.637680   -1.737209   -1.816366   -1.876600   -1.919955   -1.954494   -1.990158   -2.029362   -2.076254   -2.142817   -2.235835   -2.344374   -2.455456   -2.566493   -2.677809   -2.789433   -2.900461   -3.010942   -3.129291   -3.265804   -3.419074   -3.583305   


#  Thrust coefficient

0.042070   0.041843   0.041599   0.041341   0.041069   0.040783   0.040484   0.040172   0.039848   0.039513   0.039168   0.038813   0.038448   0.038076   0.037696   0.037309   0.036915   0.036514   0.036109   0.035701   0.035290   0.034878   0.034463   0.034048   0.033634   0.033222   0.032813   0.032409   0.032010   0.031618   0.031235   0.030863   0.030509   0.030177   0.029871   0.029592   0.029339   0.029116   0.028929   0.028786   0.028685   0.028617   0.028574   0.028553   0.028552   0.028558   0.028552   0.028514   0.028420   0.028248   
0.045357   0.045113   0.044856   0.044586   0.044304   0.044012   0.043709   0.043397   0.043076   0.042747   0.042410   0.042068   0.041721   0.041368   0.041011   0.040650   0.040289   0.039927   0.039565   0.039205   0.038849   0.038498   0.038156   0.037825   0.037507   0.037206   0.036926   0.036669   0.036439   0.036240   0.036076   0.035949   0.035862   0.035811   0.035795   0.035809   0.035856   0.035936   0.036037   0.036135   0.036201   0.036214   0.036153   0.035989   0.035690   0.035231   0.034598   0.033790   0.032816   0.031688   
0.049683   0.049443   0.049193   0.048933   0.048664   0.048388   0.048105   0.047816   0.047523   0.047225   0.046924   0.046620   0.046315   0.046011   0.045711   0.045416   0.045128   0.044851   0.044587   0.044342   0.044119   0.043925   0.043762   0.043636   0.043548   0.043499   0.043489   0.043517   0.043587   0.043698   0.043847   0.044026   0.044226   0.044433   0.044628   0.044783   0.044861   0.044822   0.044618   0.044217   0.043600   0.042758   0.041695   0.040419   0.038949   0.037312   0.035531   0.033628   0.031624   0.029536   
0.055151   0.054938   0.054718   0.054492   0.054261   0.054027   0.053790   0.053550   0.053310   0.053073   0.052840   0.052615   0.052401   0.052201   0.052020   0.051863   0.051738   0.051649   0.051604   0.051606   0.051656   0.051755   0.051901   0.052092   0.052326   0.052602   0.052916   0.053260   0.053622   0.053976   0.054288   0.054513   0.054606   0.054510   0.054174   0.053561   0.052653   0.051452   0.049977   0.048256   0.046319   0.044195   0.041912   0.039498   0.036977   0.034368   0.031687   0.028951   0.026172   0.023358   
0.061853   0.061691   0.061527   0.061360   0.061192   0.061027   0.060866   0.060714   0.060574   0.060450   0.060347   0.060273   0.060233   0.060238   0.060294   0.060409   0.060585   0.060823   0.061119   0.061469   0.061872   0.062324   0.062819   0.063348   0.063896   0.064435   0.064924   0.065308   0.065521   0.065490   0.065148   0.064450   0.063375   0.061929   0.060141   0.058047   0.055690   0.053107   0.050335   0.047404   0.044347   0.041187   0.037943   0.034634   0.031272   0.027870   0.024433   0.020963   0.017462   0.013932   
0.069864   0.069778   0.069695   0.069619   0.069553   0.069503   0.069474   0.069472   0.069504   0.069580   0.069712   0.069909   0.070180   0.070531   0.070958   0.071458   0.072023   0.072649   0.073332   0.074062   0.074827   0.075602   0.076344   0.076997   0.077484   0.077715   0.077601   0.077065   0.076063   0.074588   0.072664   0.070339   0.067668   0.064702   0.061487   0.058064   0.054468   0.050736   0.046900   0.042979   0.038991   0.034950   0.030868   0.026751   0.022597   0.018404   0.014177   0.009921   0.005651   0.001393   
0.079247   0.079273   0.079316   0.079382   0.079477   0.079611   0.079795   0.080040   0.080360   0.080770   0.081278   0.081887   0.082589   0.083374   0.084233   0.085158   0.086142   0.087169   0.088209   0.089209   0.090100   0.090784   0.091153   0.091098   0.090523   0.089376   0.087647   0.085369   0.082607   0.079426   0.075893   0.072067   0.067998   0.063724   0.059290   0.054735   0.050087   0.045366   0.040589   0.035769   0.030912   0.026017   0.021080   0.016098   0.011074   0.006021   0.000960   -0.004063   -0.008977   -0.013685   
0.090088   0.090278   0.090507   0.090787   0.091129   0.091550   0.092067   0.092697   0.093454   0.094337   0.095333   0.096425   0.097601   0.098850   0.100159   0.101501   0.102824   0.104047   0.105062   0.105743   0.105955   0.105579   0.104534   0.102786   0.100360   0.097325   0.093761   0.089750   0.085371   0.080686   0.075746   0.070599   0.065297   0.059877   0.054369   0.048796   0.043176   0.037520   0.031825   0.026090   0.020306   0.014469   0.008579   0.002653   -0.003279   -0.009156   -0.014880   -0.020322   -0.025338   -0.029798   
0.102486   0.102913   0.103416   0.104011   0.104720   0.105568   0.106572   0.107735   0.109038   0.110457   0.111972   0.113570   0.115231   0.116915   0.118549   0.120020   0.121186   0.121896   0.121996   0.121367   0.119933   0.117672   0.114637   0.110912   0.106594   0.101787   0.096575   0.091025   0.085198   0.079152   0.072941   0.066607   0.060184   0.053701   0.047178   0.040623   0.034029   0.027393   0.020704   0.013950   0.007130   0.000257   -0.006634   -0.013473   -0.020141   -0.026480   -0.032317   -0.037487   -0.041891   -0.045535   
0.116570   0.117333   0.118222   0.119269   0.120504   0.121938   0.123551   0.125309   0.127185   0.129156   0.131198   0.133262   0.135256   0.137035   0.138431   0.139265   0.139372   0.138629   0.136953   0.134327   0.130806   0.126488   0.121490   0.115932   0.109911   0.103504   0.096782   0.089812   0.082654   0.075357   0.067960   0.060505   0.053015   0.045496   0.037942   0.030345   0.022695   0.014972   0.007165   -0.000718   -0.008646   -0.016553   -0.024311   -0.031739   -0.038631   -0.044785   -0.050047   -0.054373   -0.057868   -0.060773   
0.132491   0.133712   0.135145   0.136819   0.138724   0.140822   0.143071   0.145437   0.147890   0.150378   0.152796   0.154974   0.156714   0.157814   0.158097   0.157425   0.155707   0.152912   0.149078   0.144311   0.138740   0.132506   0.125725   0.118491   0.110884   0.102979   0.094847   0.086545   0.078121   0.069630   0.061105   0.052556   0.043976   0.035360   0.026694   0.017952   0.009115   0.000176   -0.008847   -0.017900   -0.026869   -0.035566   -0.043755   -0.051192   -0.057663   -0.063037   -0.067329   -0.070740   -0.073589   -0.076108   
0.150427   0.152287   0.154437   0.156847   0.159466   0.162240   0.165127   0.168080   0.170988   0.173667   0.175888   0.177421   0.178075   0.177690   0.176166   0.173445   0.169529   0.164513   0.158534   0.151745   0.144291   0.136291   0.127837   0.119014   0.109904   0.100573   0.091081   0.081496   0.071868   0.062218   0.052545   0.042845   0.033104   0.023295   0.013387   0.003360   -0.006786   -0.017024   -0.027271   -0.037360   -0.047045   -0.056044   -0.064081   -0.070937   -0.076497   -0.080832   -0.084225   -0.087044   -0.089496   -0.091588   
0.170619   0.173274   0.176222   0.179396   0.182730   0.186170   0.189622   0.192896   0.195737   0.197881   0.199107   0.199240   0.198158   0.195785   0.192075   0.187077   0.180924   0.173771   0.165787   0.157126   0.147903   0.138215   0.128157   0.117807   0.107232   0.096513   0.085722   0.074900   0.064060   0.053206   0.042326   0.031391   0.020367   0.009224   -0.002060   -0.013484   -0.025012   -0.036527   -0.047812   -0.058572   -0.068478   -0.077226   -0.084586   -0.090451   -0.094930   -0.098360   -0.101146   -0.103514   -0.105471   -0.106881   
0.193246   0.196760   0.200524   0.204455   0.208472   0.212408   0.215990   0.218914   0.220917   0.221792   0.221401   0.219648   0.216464   0.211818   0.205796   0.198556   0.190268   0.181115   0.171254   0.160803   0.149871   0.138550   0.126918   0.115064   0.103076   0.091021   0.078939   0.066853   0.054759   0.042633   0.030435   0.018131   0.005692   -0.006909   -0.019678   -0.032568   -0.045433   -0.058013   -0.069967   -0.080920   -0.090534   -0.098564   -0.104892   -0.109637   -0.113162   -0.115921   -0.118203   -0.119998   -0.121170   -0.121684   
0.218376   0.222764   0.227330   0.231939   0.236340   0.240185   0.243157   0.244998   0.245532   0.244657   0.242289   0.238363   0.232856   0.225880   0.217613   0.208236   0.197939   0.186887   0.175210   0.163019   0.150405   0.137463   0.124295   0.110985   0.097603   0.084203   0.070812   0.057414   0.043973   0.030450   0.016810   0.003019   -0.010957   -0.025130   -0.039451   -0.053753   -0.067740   -0.081032   -0.093205   -0.103877   -0.112780   -0.119769   -0.124936   -0.128640   -0.131402   -0.133589   -0.135226   -0.136218   -0.136567   -0.136126   
0.246033   0.251268   0.256480   0.261331   0.265429   0.268449   0.270147   0.270384   0.269089   0.266185   0.261607   0.255334   0.247487   0.238261   0.227845   0.216436   0.204214   0.191316   0.177854   0.163929   0.149656   0.135134   0.120448   0.105682   0.090906   0.076145   0.061376   0.046557   0.031651   0.016620   0.001424   -0.013977   -0.029605   -0.045418   -0.061244   -0.076757   -0.091544   -0.105133   -0.117083   -0.127095   -0.134981   -0.140770   -0.144792   -0.147620   -0.149715   -0.151218   -0.152103   -0.152274   -0.151531   -0.150131   
0.276181   0.282010   0.287316   0.291683   0.294782   0.296383   0.296384   0.294750   0.291407   0.286285   0.279354   0.270732   0.260628   0.249236   0.236760   0.223398   0.209291   0.194555   0.179315   0.163689   0.147775   0.131668   0.115468   0.099253   0.083055   0.066849   0.050593   0.034248   0.017774   0.001123   -0.015749   -0.032874   -0.050230   -0.067657   -0.084811   -0.101251   -0.116462   -0.129933   -0.141311   -0.150367   -0.157032   -0.161583   -0.164588   -0.166636   -0.168032   -0.168853   -0.168827   -0.167924   -0.166360   -0.164176   
0.308450   0.314235   0.318910   0.322142   0.323709   0.323548   0.321664   0.317987   0.312441   0.304979   0.295694   0.284804   0.272513   0.259034   0.244574   0.229279   0.213288   0.196736   0.179741   0.162409   0.144846   0.127162   0.109445   0.091742   0.074036   0.056285   0.038448   0.020478   0.002325   -0.016061   -0.034720   -0.053656   -0.072743   -0.091639   -0.109878   -0.126915   -0.142161   -0.155181   -0.165703   -0.173556   -0.178917   -0.182300   -0.184389   -0.185723   -0.186466   -0.186309   -0.185334   -0.183592   -0.181106   -0.178054   
0.342034   0.347068   0.350499   0.352110   0.351866   0.349824   0.345926   0.340084   0.332230   0.322413   0.310847   0.297753   0.283350   0.267848   0.251410   0.234194   0.216342   0.197975   0.179211   0.160168   0.140957   0.121680   0.102407   0.083138   0.063834   0.044449   0.024933   0.005231   -0.014710   -0.034937   -0.055478   -0.076261   -0.096976   -0.117138   -0.136181   -0.153457   -0.168409   -0.180705   -0.190102   -0.196623   -0.200689   -0.202992   -0.204324   -0.204961   -0.204781   -0.203755   -0.201883   -0.199115   -0.195879   -0.192452   
0.376103   0.379805   0.381543   0.381304   0.379194   0.375188   0.369182   0.361084   0.350887   0.338775   0.324992   0.309765   0.293299   0.275784   0.257389   0.238262   0.218538   0.198344   0.177805   0.157037   0.136153   0.115248   0.094353   0.073436   0.052449   0.031335   0.010037   -0.011501   -0.033329   -0.055496   -0.077985   -0.100563   -0.122742   -0.143938   -0.163472   -0.180654   -0.195040   -0.206347   -0.214446   -0.219596   -0.222412   -0.223852   -0.224394   -0.224232   -0.223189   -0.221245   -0.218293   -0.214887   -0.211127   -0.207057   
0.409985   0.411939   0.411798   0.409710   0.405704   0.399667   0.391477   0.381071   0.368570   0.354232   0.338297   0.320974   0.302467   0.282958   0.262606   0.241555   0.219947   0.197912   0.175572   0.153050   0.130460   0.107876   0.085286   0.062640   0.039875   0.016934   -0.006242   -0.029710   -0.053525   -0.077716   -0.102160   -0.126410   -0.149864   -0.171835   -0.191531   -0.208336   -0.221907   -0.232033   -0.238746   -0.242508   -0.244295   -0.244822   -0.244658   -0.243657   -0.241669   -0.238661   -0.235082   -0.231006   -0.226615   -0.222192   
0.443184   0.443246   0.441273   0.437369   0.431430   0.423304   0.412871   0.400167   0.385434   0.368928   0.350880   0.331493   0.310959   0.289451   0.267127   0.244140   0.220625   0.196715   0.172542   0.148233   0.123899   0.099574   0.075209   0.050741   0.026108   0.001249   -0.023896   -0.049389   -0.075283   -0.101556   -0.127881   -0.153653   -0.178176   -0.200626   -0.220178   -0.236368   -0.248942   -0.257757   -0.263004   -0.265557   -0.266271   -0.266086   -0.265165   -0.263168   -0.260196   -0.256475   -0.252143   -0.247451   -0.242713   -0.237982   
0.475483   0.473740   0.470037   0.464323   0.456415   0.446143   0.433449   0.418511   0.401602   0.382980   0.362853   0.341413   0.318845   0.295324   0.271013   0.246056   0.220600   0.194783   0.168740   0.142612   0.116488   0.090343   0.064116   0.037740   0.011154   -0.015710   -0.042916   -0.070527   -0.098583   -0.126932   -0.155028   -0.182159   -0.207510   -0.230115   -0.249280   -0.264691   -0.276133   -0.283480   -0.287376   -0.288691   -0.288556   -0.287708   -0.285757   -0.282870   -0.279076   -0.274557   -0.269599   -0.264537   -0.259388   -0.254304   
0.506884   0.503506   0.498144   0.490612   0.480690   0.468239   0.453325   0.436215   0.417194   0.396494   0.374297   0.350795   0.326181   0.300628   0.274292   0.247333   0.219900   0.192135   0.164193   0.136212   0.108227   0.080182   0.052011   0.023647   -0.004979   -0.033937   -0.063292   -0.093110   -0.123385   -0.153746   -0.183487   -0.211790   -0.237672   -0.260160   -0.278787   -0.293304   -0.303398   -0.309321   -0.311853   -0.312086   -0.311302   -0.309431   -0.306658   -0.302880   -0.298258   -0.293081   -0.287696   -0.282147   -0.276617   -0.271167   
0.537457   0.532607   0.525627   0.516257   0.504290   0.489671   0.472603   0.453394   0.432308   0.409541   0.385267   0.359694   0.333009   0.305386   0.276995   0.247995   0.218542   0.188799   0.158929   0.129040   0.099118   0.069096   0.038903   0.008468   -0.022282   -0.053419   -0.085013   -0.117124   -0.149622   -0.181906   -0.213146   -0.242383   -0.268497   -0.290711   -0.308708   -0.322104   -0.330811   -0.335306   -0.336538   -0.335991   -0.334190   -0.331544   -0.327859   -0.323230   -0.317910   -0.312222   -0.306299   -0.300342   -0.294361   -0.288674   
0.567261   0.561072   0.552497   0.541276   0.527258   0.510530   0.491391   0.470143   0.447015   0.422171   0.395811   0.368141   0.339351   0.309627   0.279141   0.248057   0.216553   0.184801   0.152961   0.121100   0.089169   0.057093   0.024799   -0.007789   -0.040746   -0.074148   -0.108068   -0.142539   -0.177220   -0.211317   -0.243871   -0.273771   -0.299918   -0.321787   -0.338932   -0.351137   -0.358409   -0.361477   -0.361729   -0.360062   -0.357528   -0.353980   -0.349429   -0.344076   -0.338142   -0.331876   -0.325507   -0.319022   -0.312766   -0.306777   
0.596319   0.588893   0.578753   0.565683   0.549662   0.530916   0.509782   0.486531   0.461356   0.434427   0.405956   0.376157   0.345234   0.313369   0.280744   0.247545   0.213957   0.180159   0.146302   0.112401   0.078386   0.044181   0.009707   -0.025114   -0.060362   -0.096114   -0.132447   -0.169307   -0.206098   -0.241867   -0.275516   -0.305851   -0.331959   -0.353278   -0.369509   -0.380397   -0.386222   -0.388155   -0.387063   -0.384631   -0.381228   -0.376810   -0.371527   -0.365461   -0.358905   -0.352144   -0.345188   -0.338364   -0.331755   -0.325398   
0.624697   0.616040   0.604382   0.589518   0.571582   0.550915   0.527837   0.502595   0.475366   0.446329   0.415722   0.383770   0.350672   0.316625   0.281829   0.246480   0.210770   0.174893   0.138962   0.102949   0.066777   0.030366   -0.006366   -0.043500   -0.081119   -0.119307   -0.158134   -0.197366   -0.236166   -0.273430   -0.307972   -0.338633   -0.364532   -0.385227   -0.400379   -0.409933   -0.414559   -0.414943   -0.412904   -0.409608   -0.405346   -0.400198   -0.394142   -0.387395   -0.380287   -0.372881   -0.365527   -0.358275   -0.351273   -0.344673   
0.652536   0.642486   0.629390   0.612829   0.593098   0.570582   0.545594   0.518367   0.489060   0.457899   0.425134   0.390988   0.355678   0.319417   0.282415   0.244878   0.207017   0.169016   0.130946   0.092751   0.054348   0.015657   -0.023410   -0.062937   -0.103011   -0.143722   -0.185096   -0.226645   -0.267315   -0.305901   -0.341223   -0.372066   -0.397632   -0.417526   -0.431664   -0.440000   -0.443006   -0.442230   -0.439162   -0.435040   -0.430042   -0.424108   -0.417318   -0.409950   -0.402134   -0.394278   -0.386420   -0.378726   -0.371454   -0.364560   
0.679929   0.668305   0.653779   0.635671   0.614253   0.589950   0.563080   0.533856   0.502459   0.469156   0.434199   0.397826   0.360273   0.321763   0.282519   0.242763   0.202713   0.162537   0.122261   0.081812   0.041107   0.000060   -0.041418   -0.083418   -0.126031   -0.169350   -0.213282   -0.257052   -0.299442   -0.339249   -0.375242   -0.406059   -0.431150   -0.450419   -0.463446   -0.470250   -0.471966   -0.469868   -0.465926   -0.461049   -0.455290   -0.448588   -0.441119   -0.432967   -0.424643   -0.416224   -0.407853   -0.399844   -0.392257   -0.385014   
0.706936   0.693604   0.677567   0.658066   0.635070   0.609041   0.580303   0.549074   0.515580   0.480108   0.442928   0.404302   0.364472   0.323679   0.282161   0.240152   0.197871   0.155462   0.112912   0.070141   0.027061   -0.016416   -0.060384   -0.104937   -0.150174   -0.196167   -0.242623   -0.288488   -0.332494   -0.373481   -0.409876   -0.440583   -0.465388   -0.483786   -0.495562   -0.501036   -0.501199   -0.498041   -0.493244   -0.487657   -0.481111   -0.473717   -0.465373   -0.456648   -0.447704   -0.438709   -0.429947   -0.421590   -0.413646   -0.406041   
0.733587   0.718460   0.700808   0.680017   0.655560   0.627859   0.597272   0.564036   0.528428   0.490764   0.451340   0.410429   0.368292   0.325185   0.281359   0.237060   0.192501   0.147798   0.102906   0.057742   0.012216   -0.033766   -0.080301   -0.127490   -0.175430   -0.224134   -0.273033   -0.320884   -0.366490   -0.408479   -0.445150   -0.475827   -0.500125   -0.517742   -0.528167   -0.532066   -0.531011   -0.526683   -0.521225   -0.514828   -0.507623   -0.499295   -0.490291   -0.480889   -0.471306   -0.461844   -0.452674   -0.443931   -0.435627   -0.427669   
0.759919   0.742901   0.723585   0.701505   0.675715   0.646406   0.613991   0.578742   0.541007   0.501138   0.459446   0.416224   0.371751   0.326297   0.280128   0.233498   0.186611   0.139550   0.092250   0.044623   -0.003422   -0.051984   -0.101165   -0.151070   -0.201782   -0.253190   -0.304432   -0.354235   -0.401405   -0.444146   -0.481037   -0.511732   -0.535660   -0.552053   -0.561110   -0.563729   -0.561159   -0.556050   -0.549748   -0.542749   -0.534602   -0.525523   -0.515782   -0.505671   -0.495553   -0.485609   -0.476006   -0.466869   -0.458229   -0.449872   
0.785996   0.766942   0.745940   0.722511   0.695524   0.664680   0.630450   0.593193   0.553331   0.511241   0.467261   0.421703   0.374864   0.327030   0.278481   0.229474   0.180207   0.130724   0.080948   0.030790   -0.019848   -0.071066   -0.122972   -0.175667   -0.229198   -0.283261   -0.336779   -0.388564   -0.437058   -0.480425   -0.517804   -0.548417   -0.571499   -0.586943   -0.594696   -0.595649   -0.592037   -0.585936   -0.579071   -0.571180   -0.562215   -0.552344   -0.541812   -0.531097   -0.520430   -0.509982   -0.499936   -0.490441   -0.481432   -0.472630   
0.811864   0.790646   0.767883   0.743055   0.714964   0.682662   0.646644   0.607398   0.565408   0.521087   0.474800   0.426881   0.377645   0.327396   0.276427   0.224998   0.173296   0.121326   0.069007   0.016246   -0.037056   -0.091006   -0.145715   -0.201264   -0.257631   -0.314284   -0.370094   -0.423796   -0.473447   -0.517603   -0.555264   -0.585654   -0.608153   -0.622352   -0.628612   -0.628259   -0.623391   -0.616644   -0.608974   -0.600219   -0.590453   -0.579697   -0.568487   -0.557151   -0.545919   -0.534953   -0.524503   -0.514636   -0.505211   -0.495953   
0.837595   0.814124   0.789429   0.763167   0.733994   0.700330   0.662573   0.621361   0.577247   0.530688   0.482077   0.431771   0.380106   0.327405   0.273977   0.220079   0.165881   0.111360   0.056430   0.000996   -0.055044   -0.111802   -0.169383   -0.227833   -0.287021   -0.346239   -0.404394   -0.459758   -0.510537   -0.555595   -0.593622   -0.623600   -0.645204   -0.658344   -0.663094   -0.661348   -0.655510   -0.648019   -0.639452   -0.629935   -0.619220   -0.607698   -0.595788   -0.583824   -0.572005   -0.560558   -0.549706   -0.539431   -0.529573   -0.519846   
0.863270   0.837502   0.810684   0.782833   0.752558   0.717663   0.678232   0.635086   0.588861   0.540057   0.489102   0.436383   0.382256   0.327069   0.271136   0.214721   0.157968   0.100830   0.043222   -0.014955   -0.073807   -0.133448   -0.193961   -0.255339   -0.317321   -0.379152   -0.439558   -0.496462   -0.548651   -0.594436   -0.632420   -0.662154   -0.683098   -0.694713   -0.698146   -0.695081   -0.688367   -0.679944   -0.670665   -0.660198   -0.648632   -0.636323   -0.623715   -0.611099   -0.598713   -0.586810   -0.575523   -0.564826   -0.554526   -0.544297   
0.888957   0.860865   0.831814   0.802034   0.770606   0.734634   0.693617   0.648581   0.600257   0.549202   0.495887   0.440726   0.384107   0.326395   0.267915   0.208932   0.149561   0.089741   0.029386   -0.031605   -0.093342   -0.155933   -0.219423   -0.283736   -0.348523   -0.413035   -0.475445   -0.534040   -0.587587   -0.634012   -0.672219   -0.701499   -0.721335   -0.731798   -0.733717   -0.729579   -0.721786   -0.712636   -0.702468   -0.691103   -0.678671   -0.665579   -0.652254   -0.638988   -0.626072   -0.613688   -0.601951   -0.590836   -0.580060   -0.569301   
0.914727   0.884266   0.852903   0.820938   0.788114   0.751212   0.708722   0.661848   0.611442   0.558133   0.502439   0.444811   0.385666   0.325391   0.264318   0.202715   0.140663   0.078096   0.014927   -0.048949   -0.113643   -0.179243   -0.245741   -0.312988   -0.380654   -0.447748   -0.512062   -0.572661   -0.627471   -0.674323   -0.712556   -0.741504   -0.760315   -0.769335   -0.770034   -0.764677   -0.755940   -0.745988   -0.734909   -0.722649   -0.709338   -0.695456   -0.681401   -0.667529   -0.654065   -0.641184   -0.629009   -0.617449   -0.606168   -0.594853   
0.940603   0.907729   0.874005   0.839736   0.805060   0.767362   0.723539   0.674888   0.622421   0.566856   0.508766   0.448645   0.386943   0.324064   0.260352   0.196073   0.131278   0.065899   -0.000154   -0.066985   -0.134703   -0.203357   -0.272879   -0.343089   -0.413725   -0.483154   -0.549658   -0.612148   -0.667924   -0.715506   -0.753910   -0.782020   -0.799843   -0.807555   -0.807024   -0.800393   -0.790836   -0.779968   -0.768027   -0.754822   -0.740638   -0.725945   -0.711196   -0.696714   -0.682682   -0.669316   -0.656690   -0.644657   -0.632847   -0.620950   
0.966625   0.931289   0.895130   0.858494   0.821593   0.783029   0.738051   0.687698   0.633197   0.575377   0.514876   0.452237   0.387944   0.322420   0.256022   0.189010   0.121409   0.053152   -0.015852   -0.085708   -0.156508   -0.228254   -0.300804   -0.374064   -0.447616   -0.519275   -0.588312   -0.652628   -0.709417   -0.757483   -0.795753   -0.823355   -0.839974   -0.846504   -0.844555   -0.836909   -0.826362   -0.814669   -0.801783   -0.787632   -0.772555   -0.757071   -0.741646   -0.726528   -0.711938   -0.698084   -0.684988   -0.672457   -0.660094   -0.647594   
0.992789   0.954957   0.916322   0.877231   0.837993   0.798137   0.752237   0.700274   0.643774   0.583701   0.520775   0.455593   0.388675   0.320464   0.251332   0.181528   0.111059   0.039858   -0.032164   -0.105112   -0.179044   -0.253902   -0.329510   -0.405937   -0.482144   -0.556380   -0.627859   -0.693624   -0.751639   -0.800428   -0.838423   -0.865222   -0.880813   -0.886043   -0.882861   -0.874079   -0.862631   -0.850041   -0.836186   -0.821071   -0.805100   -0.788862   -0.772734   -0.756979   -0.741840   -0.727482   -0.713897   -0.700845   -0.687905   -0.674783   
1.019133   0.978757   0.937572   0.895995   0.854328   0.812644   0.766067   0.712610   0.654152   0.591834   0.526471   0.458721   0.389142   0.318200   0.246285   0.173630   0.100230   0.026021   -0.049087   -0.125187   -0.202292   -0.280271   -0.359014   -0.438633   -0.517364   -0.594566   -0.668420   -0.735807   -0.794878   -0.843884   -0.881808   -0.907803   -0.922341   -0.926219   -0.921895   -0.911954   -0.899613   -0.886074   -0.871237   -0.855134   -0.838312   -0.821304   -0.804460   -0.788084   -0.772383   -0.757505   -0.743417   -0.729818   -0.716279   -0.702523   
1.045659   1.002710   0.958930   0.914778   0.870645   0.826755   0.779500   0.724696   0.664332   0.599779   0.531968   0.461626   0.389350   0.315633   0.240885   0.165319   0.088926   0.011644   -0.066617   -0.145921   -0.226230   -0.307343   -0.389346   -0.471933   -0.553461   -0.633672   -0.709491   -0.778687   -0.838997   -0.888351   -0.925865   -0.951110   -0.964420   -0.967223   -0.961579   -0.950582   -0.937281   -0.922780   -0.906921   -0.889853   -0.872188   -0.854387   -0.836843   -0.819836   -0.803561   -0.788153   -0.773543   -0.759376   -0.745217   -0.730815   
1.072372   1.026805   0.980396   0.933629   0.886949   0.840709   0.792483   0.736517   0.674313   0.607540   0.537272   0.464311   0.389301   0.312767   0.235133   0.156598   0.077150   -0.003271   -0.084746   -0.167301   -0.250833   -0.335124   -0.420490   -0.505872   -0.590668   -0.673755   -0.751814   -0.822688   -0.883733   -0.933490   -0.970648   -0.995058   -1.007279   -1.008904   -1.002034   -0.989915   -0.975640   -0.960147   -0.943249   -0.925251   -0.906714   -0.888128   -0.869883   -0.852233   -0.835375   -0.819424   -0.804273   -0.789515   -0.774719   -0.759664   
1.099301   1.051073   1.001968   0.952547   0.903271   0.854623   0.804990   0.748057   0.684091   0.615121   0.542387   0.466782   0.389001   0.309603   0.229032   0.147468   0.064903   -0.018721   -0.103465   -0.189312   -0.276073   -0.363640   -0.452293   -0.540478   -0.628882   -0.714365   -0.794857   -0.867544   -0.929542   -0.979444   -1.016177   -1.039589   -1.050936   -1.051320   -1.043214   -1.029946   -1.014695   -0.998167   -0.980257   -0.961313   -0.941898   -0.922536   -0.903576   -0.885273   -0.867822   -0.851316   -0.835605   -0.820236   -0.804787   -0.789075   
1.126448   1.075519   1.023682   0.971528   0.919640   0.868501   0.817143   0.759293   0.693665   0.622522   0.547316   0.469042   0.388452   0.306146   0.222585   0.137934   0.052190   -0.034700   -0.122766   -0.211934   -0.301941   -0.392913   -0.484579   -0.576201   -0.667898   -0.756195   -0.839040   -0.913093   -0.976056   -1.026133   -1.062307   -1.084986   -1.095285   -1.094513   -1.085096   -1.070690   -1.054431   -1.036863   -1.017945   -0.998034   -0.977757   -0.957605   -0.937920   -0.918957   -0.900903   -0.883829   -0.867538   -0.851538   -0.835423   -0.819053   
1.153821   1.100138   1.045531   0.990615   0.936037   0.882379   0.829052   0.770195   0.703029   0.629746   0.552063   0.471092   0.387656   0.302398   0.215794   0.127998   0.039011   -0.051203   -0.142636   -0.235145   -0.328444   -0.422902   -0.517433   -0.612984   -0.707640   -0.798814   -0.884131   -0.959754   -1.023479   -1.073590   -1.109077   -1.131148   -1.140454   -1.138432   -1.127681   -1.112145   -1.094848   -1.076260   -1.056300   -1.035433   -1.014288   -0.993334   -0.972915   -0.953283   -0.934617   -0.916961   -0.900070   -0.883422   -0.866632   -0.849602   
1.181439   1.124951   1.067515   1.009802   0.952500   0.896277   0.840785   0.780722   0.712174   0.636793   0.556628   0.472937   0.386618   0.298363   0.208662   0.117660   0.025371   -0.068223   -0.163064   -0.258921   -0.355607   -0.453413   -0.551129   -0.650479   -0.748248   -0.842515   -0.929899   -1.007163   -1.071673   -1.121636   -1.156720   -1.178063   -1.186404   -1.183062   -1.170985   -1.154299   -1.135979   -1.116344   -1.095329   -1.073514   -1.051488   -1.029723   -1.008563   -0.988253   -0.968963   -0.950711   -0.933200   -0.915890   -0.898417   -0.880727   
1.209310   1.149979   1.089665   1.029087   0.969044   0.910179   0.852378   0.790892   0.721092   0.643661   0.561014   0.474578   0.385338   0.294043   0.201190   0.106925   0.011272   -0.085751   -0.184035   -0.283252   -0.383447   -0.484326   -0.585883   -0.688949   -0.789890   -0.887266   -0.976850   -1.055543   -1.120676   -1.170375   -1.205098   -1.225838   -1.233105   -1.228411   -1.215000   -1.197164   -1.177828   -1.157108   -1.135051   -1.112275   -1.089356   -1.066773   -1.044863   -1.023864   -1.003940   -0.985078   -0.966929   -0.948944   -0.930782   -0.912434   


# Torque coefficient

0.000818   0.001248   0.001677   0.002107   0.002536   0.002965   0.003394   0.003822   0.004249   0.004676   0.005101   0.005526   0.005951   0.006374   0.006797   0.007219   0.007640   0.008060   0.008479   0.008898   0.009316   0.009733   0.010150   0.010566   0.010983   0.011399   0.011816   0.012235   0.012656   0.013080   0.013508   0.013942   0.014380   0.014824   0.015274   0.015729   0.016186   0.016648   0.017114   0.017582   0.018055   0.018533   0.019018   0.019505   0.019987   0.020452   0.020885   0.021269   0.021583   0.021800   
0.001756   0.002256   0.002755   0.003255   0.003754   0.004252   0.004749   0.005246   0.005742   0.006238   0.006733   0.007227   0.007720   0.008212   0.008704   0.009195   0.009685   0.010175   0.010664   0.011153   0.011643   0.012135   0.012630   0.013128   0.013630   0.014138   0.014650   0.015167   0.015688   0.016210   0.016731   0.017253   0.017773   0.018293   0.018816   0.019341   0.019871   0.020402   0.020926   0.021433   0.021903   0.022317   0.022652   0.022881   0.022982   0.022937   0.022735   0.022376   0.021868   0.021220   
0.002941   0.003523   0.004104   0.004685   0.005265   0.005845   0.006424   0.007002   0.007578   0.008154   0.008730   0.009304   0.009877   0.010450   0.011023   0.011597   0.012172   0.012751   0.013334   0.013921   0.014513   0.015109   0.015708   0.016308   0.016905   0.017498   0.018087   0.018671   0.019253   0.019835   0.020419   0.021007   0.021595   0.022173   0.022726   0.023234   0.023669   0.024005   0.024214   0.024271   0.024163   0.023884   0.023440   0.022839   0.022094   0.021223   0.020246   0.019176   0.018026   0.016806   
0.004373   0.005048   0.005723   0.006396   0.007069   0.007740   0.008410   0.009079   0.009747   0.010415   0.011082   0.011750   0.012420   0.013094   0.013772   0.014455   0.015142   0.015832   0.016523   0.017209   0.017888   0.018558   0.019219   0.019873   0.020523   0.021175   0.021830   0.022487   0.023140   0.023776   0.024373   0.024903   0.025332   0.025629   0.025764   0.025718   0.025481   0.025060   0.024468   0.023720   0.022834   0.021829   0.020722   0.019530   0.018266   0.016940   0.015560   0.014137   0.012679   0.011189   
0.006045   0.006824   0.007601   0.008377   0.009151   0.009925   0.010697   0.011470   0.012243   0.013020   0.013800   0.014586   0.015376   0.016168   0.016960   0.017747   0.018522   0.019283   0.020030   0.020764   0.021492   0.022219   0.022950   0.023686   0.024420   0.025138   0.025815   0.026420   0.026914   0.027258   0.027421   0.027379   0.027125   0.026667   0.026022   0.025211   0.024256   0.023176   0.021989   0.020712   0.019360   0.017945   0.016477   0.014964   0.013414   0.011831   0.010219   0.008578   0.006910   0.005214   
0.007946   0.008837   0.009727   0.010616   0.011504   0.012393   0.013284   0.014179   0.015079   0.015984   0.016890   0.017794   0.018686   0.019562   0.020415   0.021248   0.022065   0.022876   0.023687   0.024504   0.025328   0.026147   0.026940   0.027676   0.028313   0.028806   0.029114   0.029206   0.029063   0.028689   0.028098   0.027314   0.026363   0.025269   0.024053   0.022732   0.021322   0.019840   0.018299   0.016708   0.015074   0.013406   0.011706   0.009977   0.008219   0.006430   0.004611   0.002764   0.000895   -0.000985   
0.010064   0.011078   0.012093   0.013108   0.014127   0.015150   0.016177   0.017207   0.018235   0.019252   0.020246   0.021209   0.022143   0.023055   0.023955   0.024855   0.025762   0.026679   0.027595   0.028485   0.029314   0.030032   0.030591   0.030944   0.031057   0.030912   0.030513   0.029878   0.029033   0.028009   0.026833   0.025527   0.024109   0.022598   0.021010   0.019359   0.017658   0.015914   0.014134   0.012323   0.010484   0.008615   0.006713   0.004778   0.002809   0.000810   -0.001209   -0.003233   -0.005234   -0.007173   
0.012392   0.013543   0.014698   0.015856   0.017019   0.018184   0.019343   0.020481   0.021582   0.022641   0.023664   0.024665   0.025658   0.026656   0.027666   0.028685   0.029692   0.030649   0.031504   0.032202   0.032690   0.032926   0.032887   0.032568   0.031985   0.031163   0.030137   0.028937   0.027591   0.026118   0.024539   0.022871   0.021131   0.019333   0.017488   0.015605   0.013690   0.011745   0.009772   0.007767   0.005726   0.003648   0.001532   -0.000619   -0.002793   -0.004969   -0.007113   -0.009180   -0.011117   -0.012873   
0.014928   0.016231   0.017538   0.018848   0.020150   0.021424   0.022649   0.023816   0.024938   0.026036   0.027129   0.028229   0.029346   0.030471   0.031574   0.032604   0.033501   0.034205   0.034663   0.034839   0.034715   0.034294   0.033596   0.032655   0.031506   0.030180   0.028705   0.027103   0.025393   0.023593   0.021720   0.019790   0.017814   0.015801   0.013757   0.011686   0.009584   0.007449   0.005276   0.003061   0.000802   -0.001498   -0.003829   -0.006168   -0.008478   -0.010708   -0.012798   -0.014687   -0.016337   -0.017756   
0.017667   0.019131   0.020592   0.022025   0.023395   0.024690   0.025925   0.027128   0.028323   0.029528   0.030753   0.031989   0.033199   0.034322   0.035294   0.036048   0.036533   0.036716   0.036581   0.036132   0.035389   0.034390   0.033169   0.031761   0.030197   0.028498   0.026685   0.024776   0.022789   0.020741   0.018643   0.016508   0.014343   0.012150   0.009926   0.007668   0.005371   0.003029   0.000636   -0.001808   -0.004293   -0.006800   -0.009293   -0.011719   -0.014012   -0.016102   -0.017932   -0.019489   -0.020818   -0.021990   
0.020599   0.022212   0.023763   0.025215   0.026582   0.027901   0.029203   0.030512   0.031844   0.033194   0.034523   0.035766   0.036850   0.037706   0.038281   0.038541   0.038471   0.038067   0.037349   0.036353   0.035114   0.033670   0.032055   0.030295   0.028408   0.026414   0.024333   0.022182   0.019974   0.017725   0.015446   0.013138   0.010798   0.008424   0.006012   0.003553   0.001038   -0.001536   -0.004164   -0.006834   -0.009514   -0.012155   -0.014691   -0.017042   -0.019133   -0.020918   -0.022414   -0.023692   -0.024830   -0.025881   
0.023671   0.025328   0.026861   0.028314   0.029732   0.031146   0.032582   0.034045   0.035503   0.036887   0.038120   0.039127   0.039851   0.040255   0.040320   0.040038   0.039417   0.038490   0.037293   0.035864   0.034243   0.032459   0.030532   0.028483   0.026334   0.024101   0.021798   0.019446   0.017059   0.014642   0.012192   0.009710   0.007191   0.004625   0.002002   -0.000684   -0.003437   -0.006251   -0.009105   -0.011959   -0.014750   -0.017401   -0.019820   -0.021932   -0.023703   -0.025173   -0.026430   -0.027553   -0.028586   -0.029557   
0.026698   0.028322   0.029873   0.031400   0.032938   0.034507   0.036092   0.037631   0.039040   0.040239   0.041164   0.041770   0.042036   0.041946   0.041500   0.040716   0.039628   0.038275   0.036699   0.034935   0.033008   0.030941   0.028755   0.026467   0.024093   0.021655   0.019171   0.016652   0.014100   0.011515   0.008896   0.006232   0.003513   0.000730   -0.002125   -0.005055   -0.008053   -0.011093   -0.014124   -0.017076   -0.019857   -0.022368   -0.024533   -0.026328   -0.027803   -0.029060   -0.030177   -0.031196   -0.032153   -0.033065   
0.029581   0.031242   0.032888   0.034556   0.036256   0.037948   0.039547   0.040965   0.042129   0.042985   0.043505   0.043671   0.043473   0.042911   0.042008   0.040803   0.039335   0.037645   0.035766   0.033723   0.031540   0.029233   0.026821   0.024323   0.021762   0.019153   0.016505   0.013825   0.011111   0.008357   0.005552   0.002684   -0.000255   -0.003275   -0.006378   -0.009559   -0.012785   -0.016001   -0.019128   -0.022063   -0.024697   -0.026956   -0.028813   -0.030325   -0.031599   -0.032718   -0.033730   -0.034671   -0.035574   -0.036478   
0.032403   0.034176   0.035975   0.037798   0.039581   0.041229   0.042656   0.043798   0.044614   0.045082   0.045190   0.044928   0.044296   0.043319   0.042036   0.040488   0.038714   0.036747   0.034613   0.032332   0.029921   0.027401   0.024794   0.022118   0.019390   0.016621   0.013819   0.010981   0.008095   0.005152   0.002141   -0.000948   -0.004125   -0.007397   -0.010756   -0.014169   -0.017577   -0.020897   -0.024012   -0.026807   -0.029203   -0.031167   -0.032747   -0.034056   -0.035191   -0.036201   -0.037128   -0.038032   -0.038970   -0.039922   
0.035241   0.037171   0.039107   0.040972   0.042666   0.044112   0.045254   0.046059   0.046513   0.046605   0.046322   0.045663   0.044651   0.043328   0.041732   0.039903   0.037875   0.035672   0.033313   0.030817   0.028206   0.025502   0.022721   0.019881   0.016999   0.014081   0.011121   0.008108   0.005034   0.001887   -0.001344   -0.004671   -0.008103   -0.011635   -0.015234   -0.018840   -0.022368   -0.025694   -0.028687   -0.031265   -0.033383   -0.035069   -0.036437   -0.037603   -0.038620   -0.039541   -0.040453   -0.041408   -0.042388   -0.043407   
0.038120   0.040160   0.042101   0.043848   0.045329   0.046495   0.047320   0.047796   0.047911   0.047649   0.047005   0.045998   0.044670   0.043059   0.041204   0.039140   0.036891   0.034475   0.031913   0.029229   0.026440   0.023564   0.020623   0.017635   0.014605   0.011529   0.008396   0.005198   0.001922   -0.001444   -0.004912   -0.008494   -0.012189   -0.015969   -0.019777   -0.023525   -0.027086   -0.030317   -0.033121   -0.035443   -0.037283   -0.038742   -0.039956   -0.040998   -0.041924   -0.042840   -0.043791   -0.044814   -0.045918   -0.047003   
0.040939   0.042955   0.044762   0.046296   0.047512   0.048387   0.048918   0.049092   0.048891   0.048303   0.047340   0.046043   0.044449   0.042598   0.040525   0.038253   0.035803   0.033197   0.030456   0.027597   0.024642   0.021610   0.018522   0.015386   0.012201   0.008955   0.005640   0.002243   -0.001248   -0.004848   -0.008569   -0.012415   -0.016368   -0.020373   -0.024348   -0.028166   -0.031668   -0.034740   -0.037316   -0.039367   -0.040962   -0.042250   -0.043337   -0.044285   -0.045197   -0.046137   -0.047193   -0.048360   -0.049536   -0.050653   
0.043514   0.045392   0.046996   0.048285   0.049239   0.049856   0.050123   0.050020   0.049528   0.048649   0.047419   0.045876   0.044060   0.042006   0.039737   0.037278   0.034649   0.031870   0.028960   0.025940   0.022831   0.019653   0.016419   0.013131   0.009780   0.006357   0.002847   -0.000761   -0.004483   -0.008330   -0.012313   -0.016426   -0.020621   -0.024819   -0.028904   -0.032708   -0.036087   -0.038963   -0.041286   -0.043079   -0.044480   -0.045634   -0.046627   -0.047534   -0.048465   -0.049524   -0.050733   -0.051993   -0.053250   -0.054499   
0.045715   0.047405   0.048789   0.049847   0.050578   0.050970   0.051000   0.050644   0.049890   0.048764   0.047308   0.045559   0.043553   0.041317   0.038875   0.036247   0.033452   0.030512   0.027445   0.024273   0.021017   0.017694   0.014312   0.010864   0.007341   0.003728   0.000012   -0.003821   -0.007783   -0.011890   -0.016144   -0.020513   -0.024926   -0.029276   -0.033400   -0.037123   -0.040340   -0.042992   -0.045057   -0.046630   -0.047880   -0.048943   -0.049862   -0.050782   -0.051817   -0.053036   -0.054372   -0.055769   -0.057140   -0.058480   
0.047489   0.048989   0.050176   0.051048   0.051595   0.051789   0.051604   0.051017   0.050037   0.048705   0.047059   0.045134   0.042961   0.040564   0.037963   0.035178   0.032229   0.029136   0.025920   0.022602   0.019202   0.015735   0.012199   0.008584   0.004876   0.001063   -0.002870   -0.006937   -0.011153   -0.015528   -0.020051   -0.024661   -0.029264   -0.033710   -0.037804   -0.041401   -0.044428   -0.046842   -0.048669   -0.050062   -0.051216   -0.052184   -0.053100   -0.054098   -0.055282   -0.056666   -0.058184   -0.059687   -0.061166   -0.062662   
0.048840   0.050182   0.051220   0.051948   0.052339   0.052360   0.051980   0.051189   0.050022   0.048515   0.046708   0.044631   0.042310   0.039765   0.037017   0.034085   0.030990   0.027751   0.024391   0.020929   0.017388   0.013773   0.010076   0.006284   0.002383   -0.001640   -0.005800   -0.010112   -0.014591   -0.019242   -0.024025   -0.028856   -0.033608   -0.038087   -0.042098   -0.045541   -0.048365   -0.050542   -0.052156   -0.053432   -0.054487   -0.055424   -0.056389   -0.057502   -0.058878   -0.060478   -0.062124   -0.063751   -0.065398   -0.067056   
0.049803   0.051038   0.051976   0.052593   0.052853   0.052718   0.052164   0.051205   0.049880   0.048229   0.046284   0.044072   0.041616   0.038935   0.036050   0.032979   0.029742   0.026362   0.022859   0.019258   0.015575   0.011806   0.007939   0.003961   -0.000141   -0.004383   -0.008779   -0.013347   -0.018099   -0.023024   -0.028054   -0.033082   -0.037933   -0.042383   -0.046279   -0.049557   -0.052170   -0.054114   -0.055571   -0.056745   -0.057744   -0.058702   -0.059735   -0.061040   -0.062653   -0.064426   -0.066214   -0.068016   -0.069820   -0.071636   
0.050427   0.051610   0.052486   0.053019   0.053167   0.052895   0.052194   0.051096   0.049643   0.047870   0.045806   0.043474   0.040893   0.038085   0.035068   0.031863   0.028489   0.024970   0.021330   0.017591   0.013761   0.009830   0.005786   0.001615   -0.002697   -0.007167   -0.011810   -0.016644   -0.021676   -0.026868   -0.032130   -0.037317   -0.042209   -0.046589   -0.050358   -0.053464   -0.055853   -0.057600   -0.058934   -0.060037   -0.061034   -0.062008   -0.063204   -0.064742   -0.066583   -0.068530   -0.070493   -0.072453   -0.074425   -0.076404   
0.050758   0.051936   0.052782   0.053252   0.053307   0.052918   0.052099   0.050892   0.049335   0.047459   0.045289   0.042846   0.040151   0.037221   0.034078   0.030742   0.027234   0.023580   0.019804   0.015925   0.011942   0.007843   0.003615   -0.000757   -0.005288   -0.009994   -0.014893   -0.020002   -0.025315   -0.030766   -0.036239   -0.041540   -0.046420   -0.050713   -0.054352   -0.057266   -0.059442   -0.061027   -0.062272   -0.063358   -0.064326   -0.065413   -0.066807   -0.068611   -0.070679   -0.072809   -0.074934   -0.077072   -0.079206   -0.081374   
0.050828   0.052044   0.052886   0.053314   0.053293   0.052812   0.051905   0.050613   0.048971   0.047007   0.044742   0.042198   0.039393   0.036348   0.033082   0.029618   0.025980   0.022193   0.018282   0.014259   0.010117   0.005843   0.001424   -0.003156   -0.007914   -0.012866   -0.018031   -0.023422   -0.029014   -0.034712   -0.040362   -0.045727   -0.050566   -0.054770   -0.058258   -0.060982   -0.062964   -0.064420   -0.065637   -0.066666   -0.067693   -0.068924   -0.070572   -0.072660   -0.074943   -0.077242   -0.079552   -0.081854   -0.084185   -0.086536   
0.050663   0.051951   0.052815   0.053219   0.053144   0.052601   0.051632   0.050275   0.048564   0.046523   0.044173   0.041534   0.038626   0.035469   0.032084   0.028495   0.024728   0.020809   0.016762   0.012590   0.008284   0.003829   -0.000788   -0.005585   -0.010577   -0.015784   -0.021224   -0.026903   -0.032765   -0.038692   -0.044479   -0.049869   -0.054663   -0.058758   -0.062095   -0.064626   -0.066438   -0.067837   -0.068981   -0.070026   -0.071136   -0.072569   -0.074524   -0.076879   -0.079357   -0.081846   -0.084325   -0.086826   -0.089344   -0.091878   
0.050292   0.051667   0.052577   0.052983   0.052880   0.052302   0.051293   0.049889   0.048122   0.046014   0.043586   0.040859   0.037852   0.034586   0.031085   0.027374   0.023479   0.019430   0.015244   0.010919   0.006442   0.001800   -0.003023   -0.008044   -0.013279   -0.018749   -0.024473   -0.030440   -0.036564   -0.042690   -0.048580   -0.053976   -0.058707   -0.062693   -0.065867   -0.068218   -0.069923   -0.071227   -0.072366   -0.073440   -0.074681   -0.076383   -0.078650   -0.081257   -0.083934   -0.086597   -0.089279   -0.091971   -0.094677   -0.097425   
0.049751   0.051201   0.052185   0.052618   0.052517   0.051928   0.050898   0.049463   0.047651   0.045485   0.042986   0.040175   0.037072   0.033702   0.030087   0.026255   0.022235   0.018055   0.013726   0.009241   0.004588   -0.000248   -0.005283   -0.010534   -0.016021   -0.021764   -0.027778   -0.034028   -0.040398   -0.046695   -0.052663   -0.058049   -0.062709   -0.066569   -0.069598   -0.071804   -0.073371   -0.074654   -0.075785   -0.076928   -0.078365   -0.080365   -0.082946   -0.085793   -0.088649   -0.091520   -0.094397   -0.097285   -0.100200   -0.103181   
0.049064   0.050573   0.051643   0.052135   0.052064   0.051488   0.050455   0.049002   0.047155   0.044940   0.042376   0.039485   0.036291   0.032818   0.029091   0.025141   0.020996   0.016683   0.012207   0.007557   0.002722   -0.002314   -0.007568   -0.013059   -0.018805   -0.024828   -0.031136   -0.037660   -0.044256   -0.050704   -0.056731   -0.062085   -0.066662   -0.070427   -0.073309   -0.075346   -0.076850   -0.078100   -0.079261   -0.080519   -0.082189   -0.084521   -0.087411   -0.090461   -0.093529   -0.096599   -0.099676   -0.102782   -0.105906   -0.109149   
0.048242   0.049805   0.050958   0.051543   0.051530   0.050989   0.049969   0.048510   0.046639   0.044381   0.041757   0.038791   0.035509   0.031936   0.028100   0.024032   0.019762   0.015313   0.010685   0.005865   0.000842   -0.004401   -0.009881   -0.015618   -0.021632   -0.027943   -0.034542   -0.041328   -0.048134   -0.054720   -0.060771   -0.066087   -0.070612   -0.074258   -0.076985   -0.078903   -0.080334   -0.081596   -0.082809   -0.084223   -0.086167   -0.088855   -0.092010   -0.095285   -0.098557   -0.101832   -0.105133   -0.108457   -0.111794   -0.115341   
0.047286   0.048910   0.050143   0.050844   0.050920   0.050434   0.049445   0.047992   0.046105   0.043810   0.041131   0.038095   0.034727   0.031056   0.027113   0.022928   0.018532   0.013944   0.009158   0.004164   -0.001053   -0.006509   -0.012222   -0.018213   -0.024502   -0.031106   -0.037989   -0.045026   -0.052034   -0.058731   -0.064792   -0.070086   -0.074537   -0.078081   -0.080655   -0.082445   -0.083867   -0.085139   -0.086450   -0.088045   -0.090315   -0.093332   -0.096764   -0.100250   -0.103732   -0.107235   -0.110762   -0.114302   -0.117871   -0.121765   
0.046202   0.047892   0.049211   0.050041   0.050236   0.049828   0.048885   0.047450   0.045554   0.043229   0.040501   0.037398   0.033948   0.030182   0.026131   0.021829   0.017306   0.012574   0.007626   0.002452   -0.002965   -0.008640   -0.014593   -0.020845   -0.027416   -0.034313   -0.041471   -0.048756   -0.055956   -0.062729   -0.068797   -0.074080   -0.078478   -0.081874   -0.084305   -0.086031   -0.087423   -0.088764   -0.090175   -0.092015   -0.094608   -0.097972   -0.101655   -0.105355   -0.109067   -0.112801   -0.116557   -0.120317   -0.124147   -0.128418   
0.045004   0.046752   0.048171   0.049135   0.049479   0.049173   0.048291   0.046884   0.044989   0.042641   0.039868   0.036701   0.033172   0.029311   0.025155   0.020735   0.016081   0.011202   0.006088   0.000728   -0.004894   -0.010795   -0.016995   -0.023515   -0.030373   -0.037559   -0.044988   -0.052521   -0.059881   -0.066711   -0.072822   -0.078087   -0.082379   -0.085668   -0.087982   -0.089621   -0.091056   -0.092449   -0.094022   -0.096108   -0.099064   -0.102758   -0.106677   -0.110611   -0.114560   -0.118529   -0.122516   -0.126507   -0.130628   -0.135299   
0.043703   0.045500   0.047022   0.048131   0.048651   0.048469   0.047664   0.046296   0.044411   0.042046   0.039233   0.036006   0.032399   0.028446   0.024183   0.019645   0.014858   0.009827   0.004542   -0.001009   -0.006842   -0.012975   -0.019428   -0.026222   -0.033368   -0.040840   -0.048543   -0.056314   -0.063809   -0.070717   -0.076851   -0.082081   -0.086306   -0.089463   -0.091653   -0.093273   -0.094736   -0.096236   -0.097968   -0.100340   -0.103676   -0.107677   -0.111843   -0.116016   -0.120206   -0.124416   -0.128643   -0.132871   -0.137317   -0.142407   
0.042323   0.044162   0.045769   0.047036   0.047749   0.047716   0.047004   0.045689   0.043822   0.041445   0.038597   0.035314   0.031631   0.027585   0.023216   0.018558   0.013635   0.008448   0.002987   -0.002760   -0.008810   -0.015181   -0.021894   -0.028966   -0.036399   -0.044155   -0.052141   -0.060117   -0.067740   -0.074739   -0.080907   -0.086088   -0.090215   -0.093269   -0.095354   -0.096964   -0.098500   -0.100108   -0.102019   -0.104723   -0.108429   -0.112737   -0.117150   -0.121568   -0.126005   -0.130465   -0.134937   -0.139413   -0.144218   -0.149741   
0.040891   0.042767   0.044431   0.045847   0.046766   0.046912   0.046313   0.045062   0.043222   0.040841   0.037962   0.034624   0.030866   0.026730   0.022254   0.017473   0.012410   0.007063   0.001422   -0.004526   -0.010798   -0.017414   -0.024392   -0.031743   -0.039463   -0.047511   -0.055769   -0.063934   -0.071712   -0.078786   -0.084944   -0.090097   -0.094159   -0.097069   -0.099089   -0.100719   -0.102345   -0.104056   -0.106197   -0.109243   -0.113331   -0.117933   -0.122596   -0.127266   -0.131958   -0.136676   -0.141393   -0.146137   -0.151335   -0.157300   
0.039417   0.041335   0.043047   0.044562   0.045699   0.046056   0.045590   0.044417   0.042613   0.040233   0.037327   0.033937   0.030106   0.025879   0.021295   0.016390   0.011184   0.005673   -0.000154   -0.006308   -0.012809   -0.019675   -0.026921   -0.034552   -0.042560   -0.050910   -0.059414   -0.067781   -0.075704   -0.082842   -0.089025   -0.094134   -0.098086   -0.100904   -0.102860   -0.104552   -0.106253   -0.108107   -0.110488   -0.113910   -0.118375   -0.123262   -0.128180   -0.133110   -0.138067   -0.143046   -0.148012   -0.153049   -0.158666   -0.165084   
0.037919   0.039879   0.041636   0.043214   0.044546   0.045146   0.044835   0.043754   0.041995   0.039623   0.036693   0.033253   0.029351   0.025032   0.020339   0.015308   0.009955   0.004275   -0.001741   -0.008108   -0.014842   -0.021962   -0.029479   -0.037390   -0.045697   -0.054340   -0.063078   -0.071675   -0.079733   -0.086916   -0.093104   -0.098184   -0.102044   -0.104750   -0.106695   -0.108446   -0.110243   -0.112252   -0.114905   -0.118724   -0.123556   -0.128723   -0.133902   -0.139103   -0.144331   -0.149573   -0.154795   -0.160154   -0.166210   -0.173091   
0.036390   0.038400   0.040211   0.041843   0.043302   0.044176   0.044048   0.043074   0.041368   0.039010   0.036060   0.032572   0.028599   0.024189   0.019385   0.014226   0.008722   0.002869   -0.003341   -0.009925   -0.016898   -0.024276   -0.032063   -0.040258   -0.048876   -0.057791   -0.066790   -0.075600   -0.083759   -0.091021   -0.097234   -0.102236   -0.106013   -0.108638   -0.110589   -0.112404   -0.114318   -0.116491   -0.119453   -0.123679   -0.128869   -0.134314   -0.139766   -0.145245   -0.150747   -0.156258   -0.161744   -0.167453   -0.173968   -0.181323   
0.034847   0.036910   0.038772   0.040465   0.041997   0.043142   0.043226   0.042375   0.040734   0.038394   0.035428   0.031895   0.027851   0.023349   0.018434   0.013142   0.007484   0.001455   -0.004955   -0.011760   -0.018977   -0.026615   -0.034673   -0.043162   -0.052086   -0.061264   -0.070555   -0.079568   -0.087835   -0.095154   -0.101360   -0.106324   -0.110004   -0.112574   -0.114530   -0.116446   -0.118468   -0.120837   -0.124131   -0.128772   -0.134310   -0.140036   -0.145772   -0.151532   -0.157316   -0.163101   -0.168861   -0.174949   -0.181938   -0.189777   
0.033281   0.035408   0.037334   0.039083   0.040683   0.042034   0.042368   0.041659   0.040091   0.037776   0.034797   0.031220   0.027107   0.022512   0.017483   0.012057   0.006241   0.000031   -0.006583   -0.013614   -0.021078   -0.028978   -0.037309   -0.046105   -0.055312   -0.064789   -0.074359   -0.083532   -0.091930   -0.099331   -0.105522   -0.110420   -0.114031   -0.116548   -0.118545   -0.120555   -0.122706   -0.125287   -0.128940   -0.134001   -0.139879   -0.145894   -0.151918   -0.157966   -0.164039   -0.170101   -0.176149   -0.182644   -0.190120   -0.198455   
0.031712   0.033902   0.035889   0.037709   0.039370   0.040850   0.041470   0.040923   0.039440   0.037156   0.034167   0.030548   0.026365   0.021677   0.016534   0.010970   0.004992   -0.001403   -0.008225   -0.015487   -0.023200   -0.031362   -0.039975   -0.049080   -0.058562   -0.068374   -0.078213   -0.087561   -0.096076   -0.103510   -0.109706   -0.114548   -0.118093   -0.120567   -0.122629   -0.124741   -0.127031   -0.129845   -0.133880   -0.139361   -0.145576   -0.151885   -0.158203   -0.164547   -0.170913   -0.177256   -0.183610   -0.190537   -0.198514   -0.207355   
0.030129   0.032397   0.034454   0.036337   0.038068   0.039627   0.040528   0.040167   0.038779   0.036533   0.033538   0.029878   0.025626   0.020844   0.015584   0.009879   0.003736   -0.002848   -0.009882   -0.017379   -0.025344   -0.033768   -0.042673   -0.052069   -0.061856   -0.072004   -0.082068   -0.091608   -0.100257   -0.107741   -0.113914   -0.118709   -0.122180   -0.124653   -0.126777   -0.129006   -0.131441   -0.134512   -0.138950   -0.144853   -0.151401   -0.158007   -0.164628   -0.171275   -0.177939   -0.184567   -0.191247   -0.198629   -0.207120   -0.216476   
0.028533   0.030884   0.033023   0.034980   0.036775   0.038401   0.039536   0.039388   0.038110   0.035908   0.032910   0.029211   0.024890   0.020012   0.014633   0.008784   0.002473   -0.004304   -0.011555   -0.019290   -0.027506   -0.036197   -0.045405   -0.055078   -0.065215   -0.075685   -0.085997   -0.095717   -0.104453   -0.111991   -0.118151   -0.122897   -0.126317   -0.128791   -0.131000   -0.133346   -0.135939   -0.139290   -0.144150   -0.150474   -0.157352   -0.164264   -0.171194   -0.178149   -0.185116   -0.192034   -0.199062   -0.206921   -0.215937   -0.225818   
0.026938   0.029375   0.031594   0.033633   0.035496   0.037189   0.038492   0.038586   0.037431   0.035279   0.032282   0.028546   0.024155   0.019181   0.013681   0.007685   0.001202   -0.005772   -0.013244   -0.021218   -0.029687   -0.038652   -0.048156   -0.058112   -0.068630   -0.079373   -0.089950   -0.099861   -0.108706   -0.116278   -0.122421   -0.127109   -0.130505   -0.132991   -0.135296   -0.137763   -0.140528   -0.144182   -0.149482   -0.156222   -0.163428   -0.170654   -0.177900   -0.185169   -0.192443   -0.199659   -0.207058   -0.215412   -0.224964   -0.235379   
0.025336   0.027870   0.030178   0.032292   0.034233   0.035987   0.037419   0.037757   0.036741   0.034647   0.031654   0.027882   0.023422   0.018350   0.012727   0.006581   -0.000078   -0.007252   -0.014948   -0.023163   -0.031885   -0.041136   -0.050914   -0.061212   -0.072082   -0.083136   -0.093967   -0.104028   -0.112983   -0.120595   -0.126713   -0.131374   -0.134739   -0.137257   -0.139661   -0.142256   -0.145206   -0.149190   -0.154945   -0.162093   -0.169631   -0.177178   -0.184744   -0.192335   -0.199920   -0.207441   -0.215234   -0.224102   -0.234202   -0.245159   
0.023728   0.026362   0.028768   0.030968   0.032979   0.034801   0.036334   0.036898   0.036039   0.034012   0.031027   0.027219   0.022690   0.017519   0.011770   0.005472   -0.001366   -0.008745   -0.016666   -0.025124   -0.034104   -0.043647   -0.053688   -0.064372   -0.075563   -0.086932   -0.098025   -0.108255   -0.117305   -0.124945   -0.131031   -0.135682   -0.139030   -0.141587   -0.144096   -0.146826   -0.149976   -0.154319   -0.160534   -0.168088   -0.175961   -0.183834   -0.191727   -0.199646   -0.207547   -0.215384   -0.223593   -0.232992   -0.243648   -0.255158   
0.022130   0.024863   0.027363   0.029656   0.031741   0.033632   0.035247   0.036005   0.035326   0.033373   0.030399   0.026557   0.021958   0.016688   0.010811   0.004357   -0.002664   -0.010250   -0.018400   -0.027100   -0.036345   -0.046168   -0.056505   -0.067563   -0.079090   -0.090791   -0.102106   -0.112511   -0.121661   -0.129314   -0.135399   -0.140034   -0.143377   -0.145980   -0.148604   -0.151473   -0.154843   -0.159566   -0.166250   -0.174207   -0.182416   -0.190622   -0.198850   -0.207102   -0.215323   -0.223487   -0.232136   -0.242081   -0.253303   -0.265374   
0.020544   0.023381   0.025974   0.028351   0.030521   0.032473   0.034162   0.035083   0.034599   0.032729   0.029771   0.025896   0.021227   0.015855   0.009849   0.003236   -0.003971   -0.011768   -0.020148   -0.029091   -0.038610   -0.048693   -0.059381   -0.070806   -0.082674   -0.094706   -0.106254   -0.116818   -0.126052   -0.133713   -0.139806   -0.144442   -0.147779   -0.150437   -0.153182   -0.156200   -0.159809   -0.164933   -0.172092   -0.180446   -0.188996   -0.197543   -0.206111   -0.214703   -0.223248   -0.231752   -0.240861   -0.251369   -0.263166   -0.275807   

