# ----- Rotor performance tables for the WISDEM tuning wind turbine ----- 
# ------------ Written on Dec-11-20 using the ROSCO toolbox ------------ 

# Pitch angle vector, 20 entries - x axis (matrix columns) (deg)
-5.0   -3.158   -1.316   0.5263   2.368   4.211   6.053   7.895   9.737   11.58   13.42   15.26   17.11   18.95   20.79   22.63   24.47   26.32   28.16   30.0   
# TSR vector, 20 entries - y axis (matrix rows) (-)
2.0    2.526    3.053    3.579    4.105    4.632    5.158    5.684    6.211    6.737    7.263    7.789    8.316    8.842    9.368    9.895    10.42    10.95    11.47    12.0    
# Wind speed vector - z axis (m/s)
8.427    

# Power coefficient

0.012300   0.015485   0.018649   0.021798   0.024940   0.028080   0.031192   0.034187   0.037013   0.039699   0.042292   0.044815   0.047214   0.049307   0.050738   0.051137   0.050300   0.048230   0.045050   0.040944   
0.026377   0.031722   0.037051   0.042332   0.047334   0.051897   0.056141   0.060241   0.064260   0.068123   0.071496   0.073714   0.074092   0.072369   0.068703   0.063409   0.056799   0.049182   0.040824   0.031851   
0.047892   0.056159   0.063766   0.070451   0.076637   0.082668   0.088650   0.094385   0.099192   0.101845   0.101390   0.097764   0.091438   0.082946   0.072781   0.061403   0.049159   0.036219   0.022600   0.008246   
0.077359   0.087276   0.096073   0.104537   0.113041   0.121421   0.128861   0.133618   0.133988   0.129740   0.121599   0.110394   0.096845   0.081585   0.065165   0.047931   0.029913   0.011007   -0.008956   -0.029720   
0.111379   0.122914   0.134319   0.145963   0.157228   0.166371   0.170613   0.168389   0.160359   0.147769   0.131681   0.112962   0.092384   0.070640   0.048006   0.024406   -0.000386   -0.026644   -0.053797   -0.079723   
0.149283   0.164249   0.179714   0.194491   0.205831   0.210068   0.205850   0.194584   0.177961   0.157215   0.133379   0.107386   0.080032   0.051653   0.022080   -0.009059   -0.042185   -0.076643   -0.109650   -0.137800   
0.192232   0.212192   0.231294   0.245886   0.251450   0.246496   0.233028   0.213174   0.188351   0.159751   0.128408   0.095289   0.060937   0.025121   -0.012681   -0.053022   -0.095620   -0.137392   -0.173832   -0.201798   
0.240906   0.265222   0.284420   0.293204   0.289440   0.275352   0.253583   0.225753   0.193133   0.156855   0.118056   0.077636   0.035432   -0.009165   -0.056821   -0.107915   -0.159850   -0.207158   -0.244991   -0.271069   
0.293302   0.318384   0.332470   0.332468   0.320052   0.298321   0.269147   0.233819   0.193530   0.149566   0.103177   0.054612   0.003266   -0.051629   -0.110932   -0.173553   -0.233898   -0.285009   -0.322665   -0.346172   
0.343736   0.364925   0.371646   0.364126   0.345153   0.317056   0.281058   0.238372   0.190394   0.138574   0.083898   0.026027   -0.035865   -0.102810   -0.175376   -0.249537   -0.317055   -0.370640   -0.406921   -0.428213   
0.384332   0.400843   0.402413   0.390105   0.366424   0.332708   0.290129   0.240115   0.184230   0.124066   0.060119   -0.008336   -0.082396   -0.163315   -0.250152   -0.335509   -0.409131   -0.464064   -0.498226   -0.518342   
0.410070   0.426377   0.426561   0.412069   0.384787   0.345947   0.296931   0.239422   0.175269   0.106041   0.031694   -0.048816   -0.136827   -0.233525   -0.335237   -0.431305   -0.510144   -0.565453   -0.597433   -0.617542   
0.420775   0.442836   0.445482   0.430717   0.400779   0.357202   0.301776   0.236507   0.163619   0.084417   -0.001630   -0.095781   -0.199628   -0.313661   -0.430680   -0.536974   -0.620218   -0.675145   -0.705398   -0.727078   
0.420772   0.450454   0.459483   0.446373   0.414681   0.366743   0.304846   0.231530   0.149287   0.059016   -0.040108   -0.149581   -0.271248   -0.403918   -0.536597   -0.652657   -0.739612   -0.793560   -0.822987   -0.848717   
0.414324   0.449290   0.468344   0.459088   0.426695   0.374722   0.306290   0.224580   0.132168   0.029673   -0.083991   -0.210592   -0.352047   -0.504530   -0.653139   -0.778525   -0.868661   -0.921171   -0.951516   -0.983704   
0.403245   0.441816   0.471306   0.468850   0.436892   0.381265   0.306221   0.215623   0.112173   -0.003778   -0.133552   -0.279196   -0.442339   -0.615769   -0.780484   -0.914889   -1.007664   -1.059161   -1.091274   -1.134273   
0.388222   0.430729   0.467195   0.475467   0.445328   0.386471   0.304664   0.204640   0.089200   -0.041527   -0.189071   -0.355779   -0.542428   -0.737904   -0.918893   -1.062094   -1.157123   -1.207690   -1.244106   -1.301427   
0.369292   0.416728   0.457517   0.478629   0.452032   0.390354   0.301661   0.191593   0.063130   -0.083768   -0.250833   -0.440705   -0.652616   -0.871183   -1.068670   -1.220308   -1.317506   -1.368335   -1.410103   -1.486638   
0.346589   0.399953   0.445546   0.477840   0.456938   0.392960   0.297215   0.176424   0.033835   -0.130702   -0.319127   -0.534298   -0.773197   -1.015908   -1.230180   -1.390528   -1.489201   -1.541129   -1.591232   -1.690108   
0.320248   0.380572   0.431737   0.472564   0.459985   0.394311   0.291307   0.159062   0.001185   -0.182533   -0.394244   -0.636857   -0.904468   -1.172414   -1.403579   -1.572312   -1.673230   -1.727507   -1.787873   -1.913401   


#  Thrust coefficient

0.064137   0.063646   0.063148   0.062655   0.062191   0.061792   0.061506   0.061395   0.061495   0.061780   0.062196   0.062687   0.063176   0.063481   0.063263   0.062172   0.060003   0.056719   0.052423   0.047304   
0.082990   0.082882   0.082866   0.083005   0.083406   0.084139   0.085155   0.086348   0.087617   0.088850   0.089781   0.089788   0.088191   0.084698   0.079443   0.072714   0.064794   0.055995   0.046594   0.036718   
0.108356   0.109101   0.110243   0.111884   0.113910   0.116153   0.118452   0.120630   0.122165   0.121935   0.118940   0.113022   0.104605   0.094222   0.082341   0.069446   0.055890   0.041851   0.027369   0.012436   
0.141112   0.143574   0.146659   0.150121   0.153711   0.157206   0.160095   0.160847   0.157732   0.150333   0.139262   0.125355   0.109368   0.091966   0.073710   0.054958   0.035780   0.016137   -0.004037   -0.024403   
0.182384   0.187084   0.192171   0.197306   0.202180   0.205572   0.204799   0.198093   0.185869   0.169296   0.149548   0.127578   0.104205   0.080142   0.055691   0.030852   0.005510   -0.020460   -0.046412   -0.070381   
0.232552   0.239496   0.246471   0.253022   0.257071   0.254800   0.244549   0.227489   0.205332   0.179511   0.151209   0.121453   0.091059   0.060396   0.029403   -0.002132   -0.034435   -0.066769   -0.096616   -0.121082   
0.291533   0.300705   0.309355   0.314659   0.311611   0.298346   0.276804   0.249213   0.217264   0.182431   0.145887   0.108642   0.071251   0.033607   -0.004598   -0.043687   -0.083232   -0.120447   -0.151540   -0.174115   
0.359454   0.370676   0.378101   0.375502   0.360246   0.334918   0.302345   0.264517   0.223112   0.179527   0.134964   0.090291   0.045475   0.000141   -0.046115   -0.093409   -0.139331   -0.179287   -0.209507   -0.228632   
0.436405   0.446780   0.446073   0.430359   0.402320   0.365629   0.322499   0.274796   0.224147   0.171960   0.119442   0.066905   0.013969   -0.039844   -0.095026   -0.150397   -0.201214   -0.241949   -0.269795   -0.284751   
0.519843   0.522254   0.507936   0.478824   0.439224   0.391858   0.338547   0.281151   0.221333   0.160543   0.099715   0.038668   -0.023127   -0.086291   -0.150985   -0.213671   -0.267708   -0.307770   -0.332272   -0.342689   
0.602341   0.591190   0.563220   0.522486   0.472424   0.414760   0.351430   0.284375   0.215294   0.145656   0.075950   0.005701   -0.065769   -0.139171   -0.213395   -0.282351   -0.338165   -0.376495   -0.396978   -0.402690   
0.676623   0.652684   0.613594   0.562943   0.502904   0.435132   0.361799   0.284953   0.206390   0.127476   0.048256   -0.031956   -0.113949   -0.198277   -0.281684   -0.355758   -0.412233   -0.448030   -0.464062   -0.464838   
0.741060   0.708211   0.660668   0.601075   0.531319   0.453493   0.370063   0.283189   0.194832   0.106106   0.016665   -0.074285   -0.167630   -0.263288   -0.355358   -0.433468   -0.489709   -0.522398   -0.533560   -0.529304   
0.799303   0.758875   0.705177   0.637361   0.558069   0.470201   0.376471   0.279301   0.180754   0.081578   -0.018792   -0.121249   -0.226748   -0.333875   -0.434002   -0.515207   -0.570522   -0.599589   -0.605505   -0.596485   
0.855284   0.805578   0.747305   0.672007   0.583458   0.485466   0.381218   0.273452   0.164196   0.053930   -0.058077   -0.172819   -0.291175   -0.409756   -0.517274   -0.600771   -0.654667   -0.679499   -0.680469   -0.665959   
0.910797   0.850464   0.786781   0.705181   0.607637   0.499459   0.384460   0.265700   0.145205   0.023200   -0.101164   -0.228967   -0.360756   -0.490682   -0.604898   -0.690101   -0.742091   -0.762697   -0.757917   -0.738289   
0.966605   0.895140   0.823080   0.736880   0.630727   0.512317   0.386278   0.256115   0.123821   -0.010584   -0.148025   -0.289666   -0.435329   -0.576417   -0.696714   -0.783161   -0.832917   -0.848649   -0.838782   -0.813170   
1.023003   0.940089   0.857189   0.767016   0.652829   0.524109   0.386763   0.244748   0.100071   -0.047397   -0.198637   -0.354870   -0.514734   -0.666730   -0.792627   -0.879717   -0.927231   -0.938159   -0.922260   -0.890954   
1.080225   0.985454   0.891041   0.795389   0.673963   0.534916   0.385973   0.231637   0.073980   -0.087217   -0.252977   -0.424511   -0.598807   -0.761479   -0.892598   -0.980402   -1.024926   -1.030613   -1.009236   -0.971080   
1.138410   1.031334   0.925002   0.821728   0.694153   0.544802   0.383951   0.216811   0.045570   -0.130025   -0.311024   -0.498501   -0.687389   -0.860573   -0.996356   -1.084403   -1.126502   -1.126705   -1.099089   -1.054350   


# Torque coefficient

0.006165   0.007761   0.009347   0.010926   0.012500   0.014074   0.015634   0.017135   0.018552   0.019898   0.021198   0.022462   0.023665   0.024714   0.025431   0.025631   0.025212   0.024174   0.022580   0.020522   
0.010466   0.012587   0.014702   0.016797   0.018782   0.020593   0.022277   0.023903   0.025499   0.027031   0.028370   0.029250   0.029400   0.028716   0.027262   0.025161   0.022538   0.019516   0.016199   0.012639   
0.015727   0.018442   0.020940   0.023135   0.025166   0.027147   0.029112   0.030995   0.032573   0.033444   0.033295   0.032104   0.030027   0.027238   0.023900   0.020164   0.016143   0.011894   0.007422   0.002708   
0.021668   0.024446   0.026910   0.029280   0.031662   0.034009   0.036093   0.037426   0.037529   0.036340   0.034059   0.030921   0.027126   0.022852   0.018252   0.013425   0.008379   0.003083   -0.002509   -0.008324   
0.027197   0.030014   0.032799   0.035642   0.038393   0.040625   0.041661   0.041118   0.039157   0.036083   0.032155   0.027584   0.022559   0.017249   0.011722   0.005960   -0.000094   -0.006506   -0.013136   -0.019467   
0.032310   0.035549   0.038897   0.042095   0.044549   0.045466   0.044554   0.042115   0.038517   0.034027   0.028868   0.023242   0.017322   0.011180   0.004779   -0.001961   -0.009130   -0.016588   -0.023732   -0.029825   
0.037360   0.041240   0.044952   0.047788   0.048870   0.047907   0.045289   0.041431   0.036606   0.031048   0.024956   0.018519   0.011843   0.004882   -0.002465   -0.010305   -0.018584   -0.026702   -0.033784   -0.039220   
0.042485   0.046773   0.050159   0.051708   0.051044   0.048560   0.044721   0.039813   0.034060   0.027662   0.020820   0.013692   0.006249   -0.001616   -0.010021   -0.019031   -0.028191   -0.036534   -0.043206   -0.047804   
0.047342   0.051390   0.053664   0.053664   0.051660   0.048152   0.043443   0.037741   0.031238   0.024141   0.016654   0.008815   0.000527   -0.008333   -0.017906   -0.028013   -0.037754   -0.046003   -0.052081   -0.055876   
0.051148   0.054301   0.055301   0.054182   0.051359   0.047178   0.041821   0.035470   0.028331   0.020620   0.012484   0.003873   -0.005337   -0.015298   -0.026096   -0.037131   -0.047178   -0.055151   -0.060550   -0.063718   
0.053044   0.055323   0.055540   0.053841   0.050573   0.045920   0.040043   0.033140   0.025427   0.017123   0.008297   -0.001151   -0.011372   -0.022540   -0.034525   -0.046306   -0.056467   -0.064049   -0.068764   -0.071540   
0.052773   0.054871   0.054895   0.053030   0.049519   0.044521   0.038213   0.030812   0.022556   0.013647   0.004079   -0.006282   -0.017609   -0.030053   -0.043142   -0.055505   -0.065651   -0.072769   -0.076885   -0.079473   
0.050723   0.053382   0.053701   0.051922   0.048313   0.043060   0.036378   0.028510   0.019724   0.010176   -0.000196   -0.011546   -0.024065   -0.037811   -0.051917   -0.064731   -0.074765   -0.081387   -0.085033   -0.087647   
0.047703   0.051069   0.052092   0.050606   0.047013   0.041578   0.034561   0.026249   0.016925   0.006691   -0.004547   -0.016958   -0.030752   -0.045793   -0.060835   -0.073993   -0.083851   -0.089967   -0.093303   -0.096220   
0.044334   0.048075   0.050114   0.049123   0.045657   0.040096   0.032774   0.024031   0.014142   0.003175   -0.008987   -0.022534   -0.037670   -0.053986   -0.069887   -0.083304   -0.092949   -0.098567   -0.101814   -0.105259   
0.040853   0.044761   0.047748   0.047499   0.044262   0.038626   0.031023   0.021845   0.011364   -0.000383   -0.013530   -0.028285   -0.044814   -0.062384   -0.079071   -0.092688   -0.102087   -0.107304   -0.110558   -0.114914   
0.037345   0.041433   0.044941   0.045737   0.042838   0.037176   0.029307   0.019685   0.008581   -0.003995   -0.018187   -0.034224   -0.052178   -0.070982   -0.088392   -0.102167   -0.111308   -0.116172   -0.119675   -0.125189   
0.033816   0.038159   0.041894   0.043828   0.041392   0.035744   0.027623   0.017544   0.005781   -0.007671   -0.022969   -0.040355   -0.059760   -0.079774   -0.097857   -0.111743   -0.120643   -0.125297   -0.129122   -0.136130   
0.030281   0.034943   0.038927   0.041748   0.039922   0.034332   0.025967   0.015414   0.002956   -0.011419   -0.027882   -0.046681   -0.067553   -0.088759   -0.107479   -0.121489   -0.130110   -0.134647   -0.139024   -0.147663   
0.026752   0.031792   0.036066   0.039477   0.038426   0.032940   0.024335   0.013288   0.000099   -0.015248   -0.032934   -0.053201   -0.075556   -0.097940   -0.117251   -0.131346   -0.139776   -0.144310   -0.149353   -0.159839   

