# ----- Rotor performance tables for the WISDEM tuning wind turbine ----- 
# ------------ Written on Dec-11-20 using the ROSCO toolbox ------------ 

# Pitch angle vector, 20 entries - x axis (matrix columns) (deg)
-5.0   -3.158   -1.316   0.5263   2.368   4.211   6.053   7.895   9.737   11.58   13.42   15.26   17.11   18.95   20.79   22.63   24.47   26.32   28.16   30.0   
# TSR vector, 20 entries - y axis (matrix rows) (-)
2.0    2.526    3.053    3.579    4.105    4.632    5.158    5.684    6.211    6.737    7.263    7.789    8.316    8.842    9.368    9.895    10.42    10.95    11.47    12.0    
# Wind speed vector - z axis (m/s)
8.376    

# Power coefficient

0.012206   0.015404   0.018582   0.021742   0.024894   0.028047   0.031194   0.034254   0.037120   0.039821   0.042427   0.044970   0.047423   0.049650   0.051314   0.051956   0.051300   0.049365   0.046313   0.042316   
0.026273   0.031639   0.036988   0.042314   0.047426   0.052047   0.056319   0.060435   0.064483   0.068407   0.071947   0.074450   0.075112   0.073604   0.070095   0.064926   0.058422   0.050859   0.042493   0.033469   
0.047800   0.056143   0.063916   0.070674   0.076900   0.082953   0.088971   0.094797   0.099842   0.102867   0.102741   0.099351   0.093194   0.084835   0.074754   0.063374   0.051074   0.038046   0.024307   0.009820   
0.077498   0.087562   0.096436   0.104928   0.113460   0.121917   0.129595   0.134787   0.135585   0.131643   0.123713   0.112659   0.099181   0.083898   0.067375   0.050009   0.031832   0.012775   -0.007332   -0.028319   
0.111819   0.123436   0.134855   0.146541   0.157963   0.167508   0.172313   0.170537   0.162806   0.150413   0.134412   0.115676   0.094973   0.073042   0.050219   0.026439   0.001486   -0.024933   -0.052344   -0.078680   
0.149984   0.164952   0.180483   0.195509   0.207393   0.212289   0.208554   0.197588   0.181109   0.160376   0.136434   0.110229   0.082644   0.054047   0.024271   -0.007052   -0.040341   -0.075074   -0.108546   -0.137252   
0.193136   0.213185   0.232619   0.247867   0.254194   0.249772   0.236579   0.216806   0.191926   0.163140   0.131551   0.098171   0.063567   0.027505   -0.010500   -0.051010   -0.093882   -0.136138   -0.173192   -0.201800   
0.242165   0.266881   0.286828   0.296478   0.293299   0.279448   0.257699   0.229743   0.196903   0.160362   0.121277   0.080546   0.038060   -0.006768   -0.054619   -0.105970   -0.158364   -0.206324   -0.244881   -0.271634   
0.295351   0.321279   0.336315   0.336920   0.324703   0.302929   0.273595   0.238029   0.197467   0.153188   0.106429   0.057545   0.005924   -0.049212   -0.108761   -0.171781   -0.232764   -0.284666   -0.323131   -0.347270   
0.347299   0.369438   0.376726   0.369359   0.350301   0.322019   0.285772   0.242801   0.194476   0.142251   0.087202   0.029001   -0.033189   -0.100411   -0.173298   -0.248020   -0.316352   -0.370847   -0.407984   -0.429864   
0.389847   0.406683   0.408294   0.395872   0.371972   0.337992   0.295109   0.244721   0.188413   0.127819   0.063477   -0.005344   -0.079735   -0.160945   -0.248234   -0.334334   -0.408921   -0.464863   -0.499929   -0.520459   
0.417151   0.433120   0.433081   0.418306   0.390720   0.351540   0.302132   0.244184   0.179559   0.109864   0.035076   -0.045829   -0.134176   -0.231228   -0.333545   -0.430538   -0.510485   -0.566925   -0.599698   -0.620115   
0.428688   0.450454   0.452599   0.437420   0.407071   0.363073   0.307186   0.241420   0.168002   0.088276   0.001763   -0.092793   -0.197000   -0.311490   -0.429278   -0.536674   -0.621189   -0.677271   -0.708194   -0.730120   
0.429247   0.458982   0.467219   0.453514   0.421324   0.372881   0.310457   0.236571   0.153725   0.062906   -0.036700   -0.146603   -0.268667   -0.401920   -0.535543   -0.652902   -0.741239   -0.796309   -0.826480   -0.851970   
0.423172   0.458433   0.476711   0.466685   0.433672   0.381116   0.312079   0.229708   0.136663   0.033599   -0.080577   -0.207634   -0.349545   -0.502751   -0.652503   -0.779390   -0.870906   -0.924777   -0.955336   -0.987115   
0.412369   0.451264   0.480429   0.476901   0.444197   0.387892   0.312141   0.220842   0.116728   0.000175   -0.130140   -0.276270   -0.439951   -0.614257   -0.780358   -0.916328   -1.010677   -1.063212   -1.095529   -1.137790   
0.397580   0.440393   0.477103   0.483985   0.452942   0.393287   0.310718   0.209951   0.093809   -0.037553   -0.185669   -0.352896   -0.540187   -0.736730   -0.919282   -1.064126   -1.160882   -1.212343   -1.248569   -1.305347   
0.378901   0.426537   0.467581   0.487638   0.459916   0.397364   0.307850   0.196989   0.067786   -0.079780   -0.247450   -0.437885   -0.650567   -0.870418   -1.069549   -1.223326   -1.322012   -1.373403   -1.415461   -1.490647   
0.356379   0.409898   0.455676   0.487376   0.465101   0.400162   0.303531   0.181899   0.038535   -0.126705   -0.315772   -0.531566   -0.771402   -1.015527   -1.231652   -1.394000   -1.494224   -1.547063   -1.596863   -1.694276   
0.330161   0.390633   0.441913   0.482557   0.468440   0.401696   0.297744   0.164613   0.005923   -0.178535   -0.390928   -0.634251   -0.902966   -1.172408   -1.405976   -1.576462   -1.678716   -1.734152   -1.793991   -1.917753   


#  Thrust coefficient

0.064363   0.063850   0.063324   0.062801   0.062303   0.061865   0.061524   0.061345   0.061389   0.061633   0.062016   0.062478   0.062959   0.063347   0.063332   0.062473   0.060500   0.057402   0.053328   0.048439   
0.083155   0.083011   0.082956   0.083044   0.083369   0.084039   0.085006   0.086162   0.087409   0.088644   0.089666   0.089909   0.088594   0.085349   0.080316   0.073796   0.066099   0.057495   0.048234   0.038444   
0.108444   0.109131   0.110189   0.111761   0.113734   0.115940   0.118222   0.120412   0.122100   0.122181   0.119529   0.113919   0.105765   0.095623   0.083965   0.071226   0.057777   0.043796   0.029325   0.014380   
0.141077   0.143453   0.146470   0.149888   0.153453   0.156935   0.159947   0.161052   0.158367   0.151367   0.140627   0.127010   0.111250   0.093999   0.075822   0.057102   0.037904   0.018236   -0.001970   -0.022451   
0.182209   0.186841   0.191889   0.196991   0.201877   0.205540   0.205289   0.199110   0.187328   0.171123   0.151642   0.129845   0.106550   0.082490   0.058006   0.033124   0.007750   -0.018257   -0.044347   -0.068605   
0.232260   0.239156   0.246084   0.252689   0.257149   0.255562   0.245929   0.229369   0.207569   0.181976   0.153791   0.124037   0.093601   0.062879   0.031832   0.000259   -0.032070   -0.064541   -0.094702   -0.119594   
0.291122   0.300235   0.308967   0.314812   0.312613   0.300082   0.279063   0.251803   0.220048   0.185266   0.148701   0.111388   0.073919   0.036204   -0.002039   -0.041146   -0.080804   -0.118325   -0.149875   -0.172959   
0.358884   0.370202   0.378281   0.376707   0.362309   0.337508   0.305251   0.267566   0.226195   0.182581   0.137938   0.093161   0.048261   0.002878   -0.043400   -0.090768   -0.136949   -0.177363   -0.208136   -0.227797   
0.435811   0.446941   0.447456   0.432709   0.405214   0.368801   0.325802   0.278136   0.227455   0.175185   0.122536   0.069902   0.016898   -0.036956   -0.092182   -0.147737   -0.198964   -0.240275   -0.268728   -0.284219   
0.519984   0.523800   0.510554   0.481998   0.442647   0.395419   0.342153   0.284730   0.224826   0.163898   0.102949   0.041808   -0.020056   -0.083272   -0.148062   -0.211058   -0.265648   -0.306368   -0.331508   -0.342506   
0.604176   0.594114   0.566674   0.526184   0.476253   0.418645   0.355295   0.288156   0.218943   0.149157   0.079326   0.008974   -0.062576   -0.136029   -0.210442   -0.279850   -0.336330   -0.375375   -0.396566   -0.402772   
0.680124   0.656526   0.617637   0.567080   0.507089   0.439299   0.365890   0.288921   0.210197   0.131122   0.051758   -0.028566   -0.110630   -0.195046   -0.278751   -0.353415   -0.410645   -0.447244   -0.463930   -0.465192   
0.745462   0.712826   0.665231   0.605614   0.535818   0.457922   0.374370   0.287336   0.198790   0.109875   0.020283   -0.070774   -0.164193   -0.260003   -0.352491   -0.431313   -0.488418   -0.521901   -0.533688   -0.530012   
0.804272   0.764235   0.710244   0.642267   0.562881   0.474880   0.380987   0.283615   0.184835   0.085464   -0.015056   -0.117624   -0.223210   -0.330571   -0.431239   -0.513288   -0.569519   -0.599336   -0.606089   -0.597312   
0.860674   0.811425   0.752872   0.677306   0.588567   0.490386   0.385925   0.277900   0.168401   0.057935   -0.054229   -0.169086   -0.287557   -0.406462   -0.514661   -0.599129   -0.653881   -0.679742   -0.681106   -0.666951   
0.916527   0.856611   0.792950   0.710865   0.613037   0.504605   0.389324   0.270284   0.149533   0.027319   -0.097208   -0.225134   -0.357079   -0.487434   -0.602499   -0.688659   -0.741646   -0.763000   -0.758743   -0.739478   
0.972613   0.901578   0.829876   0.742960   0.636406   0.517655   0.391300   0.260833   0.128267   -0.006356   -0.143968   -0.285739   -0.431617   -0.573267   -0.694506   -0.781908   -0.832768   -0.849182   -0.839620   -0.814788   
1.029318   0.946796   0.864248   0.773510   0.658757   0.529639   0.391939   0.249594   0.104631   -0.043065   -0.194484   -0.350862   -0.511021   -0.663728   -0.790554   -0.879025   -0.927332   -0.938764   -0.923758   -0.892700   
1.086835   0.992421   0.898323   0.802317   0.680146   0.540636   0.391297   0.236606   0.078650   -0.082786   -0.248734   -0.420438   -0.595141   -0.758578   -0.890734   -0.979687   -1.025062   -1.031708   -1.010823   -0.973002   
1.145299   1.038553   0.932483   0.829071   0.700598   0.550705   0.389418   0.221900   0.050347   -0.125498   -0.306697   -0.494390   -0.683797   -0.857740   -0.995017   -1.083868   -1.126623   -1.128135   -1.101012   -1.056417   


# Torque coefficient

0.006111   0.007713   0.009304   0.010886   0.012464   0.014043   0.015619   0.017150   0.018586   0.019938   0.021242   0.022516   0.023744   0.024859   0.025692   0.026014   0.025685   0.024717   0.023188   0.021187   
0.010414   0.012541   0.014661   0.016772   0.018799   0.020630   0.022324   0.023955   0.025559   0.027115   0.028518   0.029510   0.029773   0.029175   0.027784   0.025735   0.023157   0.020159   0.016843   0.013266   
0.015680   0.018417   0.020967   0.023184   0.025226   0.027212   0.029186   0.031097   0.032752   0.033744   0.033703   0.032591   0.030571   0.027829   0.024522   0.020789   0.016754   0.012480   0.007973   0.003221   
0.021683   0.024499   0.026982   0.029358   0.031745   0.034112   0.036260   0.037713   0.037936   0.036833   0.034614   0.031521   0.027750   0.023474   0.018851   0.013992   0.008907   0.003574   -0.002051   -0.007924   
0.027275   0.030109   0.032894   0.035745   0.038531   0.040859   0.042031   0.041598   0.039712   0.036689   0.032786   0.028216   0.023166   0.017817   0.012250   0.006449   0.000363   -0.006082   -0.012768   -0.019192   
0.032427   0.035664   0.039021   0.042270   0.044839   0.045898   0.045091   0.042720   0.039157   0.034674   0.029498   0.023832   0.017868   0.011685   0.005248   -0.001525   -0.008722   -0.016231   -0.023468   -0.029675   
0.037496   0.041388   0.045162   0.048122   0.049350   0.048492   0.045930   0.042092   0.037261   0.031673   0.025540   0.019059   0.012341   0.005340   -0.002038   -0.009903   -0.018227   -0.026430   -0.033624   -0.039178   
0.042661   0.047016   0.050530   0.052230   0.051670   0.049230   0.045398   0.040473   0.034688   0.028251   0.021365   0.014190   0.006705   -0.001192   -0.009622   -0.018668   -0.027899   -0.036348   -0.043140   -0.047853   
0.047622   0.051802   0.054227   0.054324   0.052354   0.048844   0.044114   0.038379   0.031839   0.024700   0.017160   0.009278   0.000955   -0.007935   -0.017536   -0.027698   -0.037530   -0.045899   -0.052101   -0.055993   
0.051623   0.054914   0.055997   0.054902   0.052069   0.047865   0.042477   0.036090   0.028907   0.021144   0.012962   0.004311   -0.004933   -0.014925   -0.025759   -0.036866   -0.047023   -0.055123   -0.060643   -0.063895   
0.053748   0.056069   0.056292   0.054579   0.051284   0.046599   0.040687   0.033740   0.025976   0.017622   0.008752   -0.000737   -0.010993   -0.022190   -0.034224   -0.046095   -0.056378   -0.064091   -0.068925   -0.071756   
0.053627   0.055679   0.055675   0.053775   0.050229   0.045192   0.038840   0.031391   0.023083   0.014124   0.004509   -0.005892   -0.017249   -0.029725   -0.042879   -0.055348   -0.065625   -0.072881   -0.077094   -0.079719   
0.051622   0.054243   0.054501   0.052673   0.049019   0.043721   0.036991   0.029071   0.020231   0.010630   0.000212   -0.011174   -0.023722   -0.037509   -0.051693   -0.064625   -0.074802   -0.081556   -0.085279   -0.087920   
0.048612   0.051980   0.052913   0.051361   0.047715   0.042229   0.035159   0.026792   0.017409   0.007124   -0.004156   -0.016603   -0.030427   -0.045518   -0.060651   -0.073941   -0.083946   -0.090182   -0.093599   -0.096486   
0.045232   0.049001   0.050955   0.049883   0.046354   0.040737   0.033358   0.024553   0.014608   0.003591   -0.008613   -0.022194   -0.037362   -0.053738   -0.069745   -0.083307   -0.093089   -0.098848   -0.102114   -0.105511   
0.041733   0.045669   0.048621   0.048264   0.044954   0.039256   0.031589   0.022350   0.011813   0.000018   -0.013171   -0.027959   -0.044524   -0.062164   -0.078974   -0.092735   -0.102283   -0.107600   -0.110870   -0.115147   
0.038204   0.042318   0.045845   0.046507   0.043524   0.037791   0.029857   0.020174   0.009014   -0.003609   -0.017841   -0.033910   -0.051907   -0.070793   -0.088335   -0.102253   -0.111551   -0.116496   -0.119977   -0.125433   
0.034659   0.039016   0.042770   0.044605   0.042069   0.036347   0.028159   0.018019   0.006200   -0.007298   -0.022635   -0.040054   -0.059508   -0.079618   -0.097833   -0.111899   -0.120926   -0.125627   -0.129474   -0.136352   
0.031103   0.035774   0.039769   0.042536   0.040592   0.034924   0.026491   0.015875   0.003363   -0.011058   -0.027559   -0.046393   -0.067325   -0.088631   -0.107493   -0.121662   -0.130409   -0.135021   -0.139367   -0.147869   
0.027551   0.032597   0.036877   0.040268   0.039090   0.033521   0.024846   0.013737   0.000494   -0.014898   -0.032622   -0.052927   -0.075350   -0.097835   -0.117325   -0.131552   -0.140085   -0.144711   -0.149704   -0.160032   

