                   201   NumCoords   ! The number of coordinates in the airfoil shape file (including an extra coordinate for airfoil reference).  Set to zero if coordinates not included.
! ......... x-y coordinates are next if NumCoords > 0 .............
! x-y coordinate of airfoil reference
!  x/c        y/c
 0.303586       0
! coordinates of airfoil shape
! interpolation to 200 points
!  x/c        y/c
 1.00000000000000e+00 -5.60109588487590e-03
 9.74521850804914e-01 -3.49165506246765e-03
 9.48952045451197e-01 -2.21596831843273e-03
 9.23367457751331e-01 -1.67141080775185e-03
 8.97808626959993e-01 -2.03845009875882e-03
 8.72401062360020e-01 -3.91018916062065e-03
 8.47257453098445e-01 -7.20797115452862e-03
 8.22532841647548e-01 -1.17253510063017e-02
 7.98242288331441e-01 -1.72614943937581e-02
 7.74386860803421e-01 -2.36914061829200e-02
 7.50994772779962e-01 -3.09085931634517e-02
 7.28060430890498e-01 -3.87161699669738e-02
 7.05563402691736e-01 -4.69572722015388e-02
 6.83484219697997e-01 -5.55008618722351e-02
 6.61788569763529e-01 -6.41928081197101e-02
 6.40444926101344e-01 -7.29007481096649e-02
 6.19426721241693e-01 -8.15131488290061e-02
 5.98712109664143e-01 -8.99340507907652e-02
 5.78360735430372e-01 -9.80715884838583e-02
 5.58315983393750e-01 -1.05865662213694e-01
 5.38538301101282e-01 -1.13262345650661e-01
 5.19025050838711e-01 -1.20210565717416e-01
 4.99782232312358e-01 -1.26686803593529e-01
 4.80822664126413e-01 -1.32669781657383e-01
 4.62150361068559e-01 -1.38132659645087e-01
 4.43780109138219e-01 -1.43063972939778e-01
 4.25720743916139e-01 -1.47445710288331e-01
 4.07989402960888e-01 -1.51282252318385e-01
 3.90604351881840e-01 -1.54587266587268e-01
 3.73581686497495e-01 -1.57375537655454e-01
 3.56937221900835e-01 -1.59666337986292e-01
 3.40683330909109e-01 -1.61475977664617e-01
 3.24832764661813e-01 -1.62824237716158e-01
 3.09395958623211e-01 -1.63730948297034e-01
 2.94381835238378e-01 -1.64215300733083e-01
 2.79797307753414e-01 -1.64325119775317e-01
 2.65648250225429e-01 -1.64049690329483e-01
 2.51941045074545e-01 -1.63396144670768e-01
 2.38676602574335e-01 -1.62422437824970e-01
 2.25857564604399e-01 -1.61135868173537e-01
 2.13484984959089e-01 -1.59557479595427e-01
 2.01555789354691e-01 -1.57717846824217e-01
 1.90070537877311e-01 -1.55629264674347e-01
 1.79023729799173e-01 -1.53317797467893e-01
 1.68412213039154e-01 -1.50803312474552e-01
 1.58233805142616e-01 -1.48092121420828e-01
 1.48481815571549e-01 -1.45205499463679e-01
 1.39151313354803e-01 -1.42163032347244e-01
 1.30231538574157e-01 -1.38985991909960e-01
 1.21718083275876e-01 -1.35686759962701e-01
 1.13599677257579e-01 -1.32285055916933e-01
 1.05869108514847e-01 -1.28793722103289e-01
 9.85207246789210e-02 -1.25221692792575e-01
 9.15443362306761e-02 -1.21581880782160e-01
 8.49327788379152e-02 -1.17887381280181e-01
 7.86760261901445e-02 -1.14151046190809e-01
 7.27648478046605e-02 -1.10382808314668e-01
 6.71897662253938e-02 -1.06594350503826e-01
 6.19301340720011e-02 -1.02805406203989e-01
 5.69819904366734e-02 -9.90202951292469e-02
 5.23376666025794e-02 -9.52472126567675e-02
 4.79704611784616e-02 -9.15061831183329e-02
 4.38770453032483e-02 -8.77990257630768e-02
 4.00508269388390e-02 -8.41289542071670e-02
 3.64835865051868e-02 -8.05011137250606e-02
 3.31671951484023e-02 -7.69212298937138e-02
 3.00838623776001e-02 -7.33981130396755e-02
 2.72272893292584e-02 -6.99351395951261e-02
 2.45872972618626e-02 -6.65369568722157e-02
 2.21479848818702e-02 -6.32111553292647e-02
 1.98886597452887e-02 -5.99636248549986e-02
 1.78000648506215e-02 -5.67981163629582e-02
 1.58770066903557e-02 -5.37126373478906e-02
 1.41040537977373e-02 -5.07112616431094e-02
 1.24700253305953e-02 -4.77964514657654e-02
 1.09837767076631e-02 -4.49617579450264e-02
 9.64267230208237e-03 -4.22048981722483e-02
 8.42718425666214e-03 -3.95321099787862e-02
 7.33558503544516e-03 -3.69429452747169e-02
 6.37060591534997e-03 -3.44314619984186e-02
 5.52169155573809e-03 -3.20016876519962e-02
 4.77225043906462e-03 -2.96536603960667e-02
 4.10650163070590e-03 -2.73903612380115e-02
 3.52800970911586e-03 -2.52063779982031e-02
 3.01452496659978e-03 -2.31026158755552e-02
 2.54460460856616e-03 -2.10815589144626e-02
 2.10991329012767e-03 -1.91416391754003e-02
 1.72427994711154e-03 -1.72789242884478e-02
 1.40501329650363e-03 -1.54820594690115e-02
 1.13869045474947e-03 -1.37555799389167e-02
 9.13495436399324e-04 -1.20982537805182e-02
 7.37312804625224e-04 -1.05079406195648e-02
 6.02166782041684e-04 -8.98231899224883e-03
 4.94080247764959e-04 -7.52232150262275e-03
 4.04218569655188e-04 -6.12495574402192e-03
 3.20058545150456e-04 -4.78784287348135e-03
 2.37362804316799e-04 -3.50939673999907e-03
 1.58707079314011e-04 -2.28686570442305e-03
 8.08757087441739e-05 -1.11784099395853e-03
 0.00000000000000e+00  0.00000000000000e+00
 8.02308244293370e-05  1.11315794563500e-03
 1.61788573456138e-04  2.28732473314467e-03
 2.45736365536832e-04  3.51318442979263e-03
 3.34682747359265e-04  4.79371550831475e-03
 4.26267302595853e-04  6.13172554457122e-03
 5.27785570603593e-04  7.52896684091099e-03
 6.49328879058275e-04  8.98711151557827e-03
 7.96430304738219e-04  1.05093020530915e-02
 9.74594948601996e-04  1.20962947934920e-02
 1.19895114309530e-03  1.37494922503430e-02
 1.46734741658289e-03  1.54704160728695e-02
 1.78249247441135e-03  1.72621245855204e-02
 2.15442294530196e-03  1.91232764841025e-02
 2.57408392594469e-03  2.10589501149917e-02
 3.00067859356793e-03  2.30741763877353e-02
 3.46355809081222e-03  2.51665674545344e-02
 3.98946413443861e-03  2.73408895199427e-02
 4.58708048441157e-03  2.95970594855842e-02
 5.25411345479913e-03  3.19393884847730e-02
 6.00331670182644e-03  3.43676360638426e-02
 6.86324604140504e-03  3.68788552435904e-02
 7.83485760836423e-03  3.94724800390475e-02
 8.93131850340515e-03  4.21497683640363e-02
 1.01522466199065e-02  4.49107252330566e-02
 1.15143897492555e-02  4.77515562779001e-02
 1.30289910767316e-02  5.06697346190562e-02
 1.46712202838981e-02  5.36778774061968e-02
 1.64527921044865e-02  5.67729626918036e-02
 1.83923895333039e-02  5.99502546834875e-02
 2.04918751100105e-02  6.32112106593181e-02
 2.27627073668733e-02  6.65535144293987e-02
 2.52211050295311e-02  6.99714130655412e-02
 2.78844715522379e-02  7.34596351552073e-02
 3.07612412074425e-02  7.70136778060473e-02
 3.38593277992400e-02  8.06308623999907e-02
 3.71920836000119e-02  8.43053741294527e-02
 4.07763490222848e-02  8.80281005997147e-02
 4.46166426649234e-02  9.17949306702273e-02
 4.87256326308900e-02  9.55968660050509e-02
 5.31149580762136e-02  9.94259763599436e-02
 5.77999478102041e-02  1.03270235470113e-01
 6.27931733442555e-02  1.07118815386922e-01
 6.81046925412655e-02  1.10962044118673e-01
 7.37433166625476e-02  1.14789005946527e-01
 7.97281903617778e-02  1.18575388513639e-01
 8.60684674527176e-02  1.22311580380407e-01
 9.27709305781893e-02  1.25985050773951e-01
 9.98444958562483e-02  1.29580138267861e-01
 1.07300033138795e-01  1.33077331034610e-01
 1.15145128757510e-01  1.36461287310735e-01
 1.23385167037802e-01  1.39717885951666e-01
 1.32025434587443e-01  1.42835638219114e-01
 1.41073961098542e-01  1.45792439202544e-01
 1.50532678609823e-01  1.48577408430569e-01
 1.60411019851990e-01  1.51162228908122e-01
 1.70710508677910e-01  1.53531245592137e-01
 1.81433751778204e-01  1.55665643868819e-01
 1.92581311499765e-01  1.57557395546254e-01
 2.04154686467837e-01  1.59186378989292e-01
 2.16152715228881e-01  1.60543215993004e-01
 2.28573516606915e-01  1.61626329731797e-01
 2.41415068061721e-01  1.62436351582627e-01
 2.54677682555914e-01  1.62963871747833e-01
 2.68359855455073e-01  1.63179736841225e-01
 2.82459856457969e-01  1.63128505450785e-01
 2.96976050633046e-01  1.62783016915762e-01
 3.11905818323272e-01  1.62124487560092e-01
 3.27248122404410e-01  1.61172659586512e-01
 3.42999573751914e-01  1.59927081144526e-01
 3.59157342186698e-01  1.58378460651257e-01
 3.75718638560291e-01  1.56535143710690e-01
 3.92680047295752e-01  1.54397544525848e-01
 4.10035179417334e-01  1.51955276595671e-01
 4.27781677247866e-01  1.49227734879370e-01
 4.45914079942605e-01  1.46216745232793e-01
 4.64427541315644e-01  1.42928117997341e-01
 4.83313777193517e-01  1.39361983934197e-01
 5.02568493434678e-01  1.35534846665117e-01
 5.22185041848675e-01  1.31459504605373e-01
 5.42159581946348e-01  1.27160133311908e-01
 5.62481623501283e-01  1.22639693597782e-01
 5.83213056677276e-01  1.17897283905541e-01
 6.04316624789083e-01  1.12957028453044e-01
 6.25741136898874e-01  1.07819974914078e-01
 6.47474791918303e-01  1.02503207199537e-01
 6.69505078639704e-01  9.70144102371407e-02
 6.91816488727721e-01  9.13638275480947e-02
 7.14394447710781e-01  8.55646902986861e-02
 7.37222625209149e-01  7.96258773384668e-02
 7.60287356536441e-01  7.35753055832131e-02
 7.83571903611352e-01  6.74293192785259e-02
 8.07060106292735e-01  6.12095776136220e-02
 8.30731267467929e-01  5.49231059067947e-02
 8.54571327698313e-01  4.86090703897133e-02
 8.78564634762125e-01  4.22984644181334e-02
 9.02688595788171e-01  3.60004406974430e-02
 9.26931964289999e-01  2.97751262841326e-02
 9.51265796412103e-01  2.35831178495878e-02
 9.75637132909841e-01  1.74195971707628e-02
 1.00000000000000e+00  1.13074870098126e-02
