                   201   NumCoords   ! The number of coordinates in the airfoil shape file (including an extra coordinate for airfoil reference).  Set to zero if coordinates not included.
! ......... x-y coordinates are next if NumCoords > 0 .............
! x-y coordinate of airfoil reference
!  x/c        y/c
 0.268056       0
! coordinates of airfoil shape
! interpolation to 200 points
!  x/c        y/c
 1.00000000000000e+00  1.74807242539891e-03
 9.81088645093993e-01  2.00818674852896e-03
 9.56536587718894e-01  2.61400661652552e-03
 9.31934328389673e-01  3.39761773336301e-03
 9.07340291133187e-01  4.54617356162387e-03
 8.82825478018031e-01  4.46845190833998e-03
 8.58463695183830e-01  3.28216182561672e-03
 8.34313389753625e-01  1.09169360688814e-03
 8.10429084986895e-01 -2.03125426119208e-03
 7.86865303469059e-01 -6.07629473510800e-03
 7.63676439606544e-01 -1.10324442001302e-02
 7.40885708696705e-01 -1.67673861953323e-02
 7.18504090213781e-01 -2.30892129069247e-02
 6.96494321820221e-01 -2.98445748799724e-02
 6.74852851738442e-01 -3.69232561195116e-02
 6.53627398738384e-01 -4.41937830588966e-02
 6.32792184429005e-01 -5.15358442562270e-02
 6.12316503036762e-01 -5.88294301088989e-02
 5.92175791178574e-01 -6.59744266863465e-02
 5.72354082717583e-01 -7.28923054237940e-02
 5.52839104516578e-01 -7.95120752401122e-02
 5.33622660148717e-01 -8.57736015540915e-02
 5.14701609059332e-01 -9.16280940385411e-02
 4.96081517655777e-01 -9.70478575200810e-02
 4.77770697346886e-01 -1.02006854761393e-01
 4.59776342581458e-01 -1.06480908425279e-01
 4.42110065791998e-01 -1.10464351208154e-01
 4.24787837632241e-01 -1.13972055996649e-01
 4.07822540627890e-01 -1.17010580591370e-01
 3.91225589342792e-01 -1.19590890428462e-01
 3.75010472728433e-01 -1.21737961085007e-01
 3.59184738424783e-01 -1.23451655033003e-01
 3.43759324645263e-01 -1.24762941519802e-01
 3.28741755187714e-01 -1.25692253248845e-01
 3.14138752754826e-01 -1.26270725173149e-01
 2.99954006879117e-01 -1.26516785189025e-01
 2.86191130679735e-01 -1.26433456137951e-01
 2.72852251381496e-01 -1.26062712621700e-01
 2.59936520490995e-01 -1.25423944673841e-01
 2.47444073450470e-01 -1.24532529683603e-01
 2.35372749427435e-01 -1.23405197480250e-01
 2.23718642573528e-01 -1.22069952569348e-01
 2.12478906310419e-01 -1.20535657966197e-01
 2.01649870666218e-01 -1.18811954103338e-01
 1.91223662905598e-01 -1.16931048092935e-01
 1.81197290973907e-01 -1.14893243290098e-01
 1.71560767013361e-01 -1.12728917640481e-01
 1.62307949913432e-01 -1.10446725496392e-01
 1.53430816598432e-01 -1.08060251543280e-01
 1.44920449693386e-01 -1.05584440362057e-01
 1.36767544236013e-01 -1.03033171680477e-01
 1.28960894615948e-01 -1.00424747764515e-01
 1.21493131706035e-01 -9.77645045126057e-02
 1.14354735496302e-01 -9.50624194011895e-02
 1.07533881632363e-01 -9.23326195102649e-02
 1.01020054771104e-01 -8.95852822473118e-02
 9.48051648290715e-02 -8.68237461195691e-02
 8.88765300612188e-02 -8.40623483799910e-02
 8.32231660656024e-02 -8.13096317985532e-02
 7.78377213668758e-02 -7.85665158739612e-02
 7.27118122326948e-02 -7.58357303407381e-02
 6.78318155016711e-02 -7.31302214829204e-02
 6.31906544032374e-02 -7.04507273175596e-02
 5.87815502462975e-02 -6.77970537778177e-02
 5.45953006055548e-02 -6.51727298335871e-02
 5.06203740753300e-02 -6.25853836539563e-02
 4.68478195941366e-02 -6.00390125426190e-02
 4.32713538816947e-02 -5.75330558851561e-02
 3.98830335816040e-02 -5.50690202159907e-02
 3.66757525798304e-02 -5.26477466360874e-02
 3.36468263614288e-02 -5.02655481207037e-02
 3.07866645468897e-02 -4.79269711339996e-02
 2.80915310496357e-02 -4.56298272668040e-02
 2.55561843540109e-02 -4.33727360810642e-02
 2.31696699420882e-02 -4.11623774296963e-02
 2.09319985856059e-02 -3.89930149398926e-02
 1.88342776325013e-02 -3.68679670192685e-02
 1.68666629994041e-02 -3.47916423936796e-02
 1.50236871521827e-02 -3.27636146290931e-02
 1.33188768061700e-02 -3.07692412374988e-02
 1.17428144418752e-02 -2.88113854464436e-02
 1.02861674516467e-02 -2.68947134214520e-02
 8.93976979978767e-03 -2.50232226896439e-02
 7.71597141949553e-03 -2.31881899771101e-02
 6.60750932930081e-03 -2.13912206327165e-02
 5.59742178032231e-03 -1.96405023505445e-02
 4.61249856381364e-03 -1.79779850951614e-02
 3.72533539768490e-03 -1.63545342999691e-02
 2.98242457656681e-03 -1.47500476326660e-02
 2.36899979826625e-03 -1.31710585445138e-02
 1.85929006874223e-03 -1.16293501807908e-02
 1.46946436981791e-03 -1.01278339731536e-02
 1.16767199017780e-03 -8.67256302627913e-03
 9.43445845090673e-04 -7.26832238886440e-03
 7.55991402729344e-04 -5.91962320690878e-03
 5.87666526772223e-04 -4.62872969835523e-03
 4.30202245173080e-04 -3.39330032435673e-03
 2.81941547063040e-04 -2.21129032836445e-03
 1.39430763656067e-04 -1.08079841102315e-03
 0.00000000000000e+00  0.00000000000000e+00
 1.30588202947064e-04  1.08149905545690e-03
 2.54863148387091e-04  2.21312410128431e-03
 3.76523582150877e-04  3.39655326360260e-03
 5.01634525000258e-04  4.63326523393607e-03
 6.29004646021236e-04  5.92585081887612e-03
 7.69566745669787e-04  7.27521921888736e-03
 9.40438529401006e-04  8.68262092605686e-03
 1.15041845522795e-03  1.01491672580129e-02
 1.43233681829026e-03  1.16678800458186e-02
 1.80868617188706e-03  1.32404702894298e-02
 2.24962979407093e-03  1.48692187772391e-02
 2.77764720037916e-03  1.65504417495418e-02
 3.41499683712117e-03  1.82765007345554e-02
 4.13887319776274e-03  2.00571208304798e-02
 4.93101120682259e-03  2.18989538014457e-02
 5.80568384004357e-03  2.38007578759121e-02
 6.80131305551292e-03  2.57457626929677e-02
 7.91228884764174e-03  2.77366307258639e-02
 9.13093440785820e-03  2.97812582220205e-02
 1.04419174229504e-02  3.18913301335420e-02
 1.18773531408047e-02  3.40486704792015e-02
 1.34404977278261e-02  3.62543236547704e-02
 1.51341337180457e-02  3.85099075643673e-02
 1.69536869118054e-02  4.08221778164296e-02
 1.89174006429501e-02  4.31795247164974e-02
 2.10305713758977e-02  4.55818539884099e-02
 2.33015394401080e-02  4.80259223047596e-02
 2.57393896884419e-02  5.05074670869198e-02
 2.83482068422930e-02  5.30256264281009e-02
 3.11287410303382e-02  5.55857021132639e-02
 3.40888746500140e-02  5.81846017979672e-02
 3.72385279393803e-02  6.08169626546270e-02
 4.05816687182627e-02  6.34835117468615e-02
 4.41274459798423e-02  6.61787325361121e-02
 4.78845468979316e-02  6.88983492594812e-02
 5.18598986824452e-02  7.16403064686998e-02
 5.60607264204594e-02  7.44023552137902e-02
 6.04922554757072e-02  7.71847595303050e-02
 6.51656304064186e-02  7.99782441318287e-02
 7.00897346654660e-02  8.27775317378553e-02
 7.52725811561903e-02  8.55784527374788e-02
 8.07221237552239e-02  8.83767580691365e-02
 8.64467127413471e-02  9.11676219812056e-02
 9.24558595488097e-02  9.39421073308428e-02
 9.87601575227689e-02  9.66889519374693e-02
 1.05367245928771e-01  9.94030676541372e-02
 1.12285135663740e-01  1.02078621733949e-01
 1.19523243556685e-01  1.04705469323065e-01
 1.27088829956182e-01  1.07278780781472e-01
 1.34991711454023e-01  1.09782688275893e-01
 1.43242818201892e-01  1.12196899533376e-01
 1.51848105232596e-01  1.14516833199835e-01
 1.60810734467134e-01  1.16748961592430e-01
 1.70144032241186e-01  1.18854960852189e-01
 1.79852269095728e-01  1.20834017325639e-01
 1.89941310225476e-01  1.22675059968990e-01
 2.00417625845911e-01  1.24360037999027e-01
 2.11286070055439e-01  1.25874462372407e-01
 2.22550932835561e-01  1.27207648613993e-01
 2.34213905017568e-01  1.28363500266390e-01
 2.46278794863960e-01  1.29330188515783e-01
 2.58748683129156e-01  1.30097076667510e-01
 2.71626075380960e-01  1.30642206507285e-01
 2.84912958610960e-01  1.30928500215132e-01
 2.98608945615611e-01  1.31005398571070e-01
 3.12714202240589e-01  1.30869311650066e-01
 3.27228591822805e-01  1.30431052401878e-01
 3.42151949864862e-01  1.29783617031325e-01
 3.57481886810016e-01  1.28864150241091e-01
 3.73217789045919e-01  1.27702227216754e-01
 3.89357061991635e-01  1.26287849834942e-01
 4.05898254826293e-01  1.24634088477886e-01
 4.22835102456413e-01  1.22709146847480e-01
 4.40167408081141e-01  1.20552725304846e-01
 4.57887719370904e-01  1.18138629807730e-01
 4.75994403258599e-01  1.15498373509637e-01
 4.94476527455491e-01  1.12599518790364e-01
 5.13329781549304e-01  1.09462678306978e-01
 5.32550185209509e-01  1.06114009766742e-01
 5.52128946501388e-01  1.02553928428540e-01
 5.72055024762641e-01  9.87779976371321e-02
 5.92320159615214e-01  9.48013097818705e-02
 6.12914911508482e-01  9.06373228940666e-02
 6.33826244951770e-01  8.62865852468985e-02
 6.55044781826220e-01  8.17738007510972e-02
 6.76557005457968e-01  7.71066006016720e-02
 6.98353886407622e-01  7.23159650037842e-02
 7.20417250135324e-01  6.74013275566674e-02
 7.42733319963554e-01  6.23796888670583e-02
 7.65290789354163e-01  5.72879565671710e-02
 7.88071388737090e-01  5.21352955641792e-02
 8.11058198783203e-01  4.69411101510782e-02
 8.34234086368466e-01  4.17253722302482e-02
 8.57579571726811e-01  3.65024311841711e-02
 8.81075392825609e-01  3.12920245729341e-02
 9.04703129025997e-01  2.61183700324971e-02
 9.28438648291307e-01  2.09894344181354e-02
 9.52258538423193e-01  1.58846078600318e-02
 9.76122526144680e-01  1.07988398439479e-02
 1.00000000000000e+00  5.74716730768563e-03
