                   201   NumCoords   ! The number of coordinates in the airfoil shape file (including an extra coordinate for airfoil reference).  Set to zero if coordinates not included.
! ......... x-y coordinates are next if NumCoords > 0 .............
! x-y coordinate of airfoil reference
!  x/c        y/c
 0.276222       0
! coordinates of airfoil shape
! interpolation to 200 points
!  x/c        y/c
 1.00000000000000e+00 -6.73142851301598e-03
 9.76661171258945e-01 -2.89692470152268e-03
 9.51846173738728e-01  2.29363370791924e-05
 9.26903349202396e-01  1.50514875840633e-03
 9.01971228259776e-01  1.93685310073510e-03
 8.77151997270131e-01  1.03194490399360e-03
 8.52531402079216e-01 -1.11092824322074e-03
 8.28174336962656e-01 -4.33078303172126e-03
 8.04140613896416e-01 -8.52415782833404e-03
 7.80483888243559e-01 -1.36419816236485e-02
 7.57252738968632e-01 -1.96276470043463e-02
 7.34443119906907e-01 -2.62750572073486e-02
 7.12059534198126e-01 -3.34355366264256e-02
 6.90086396950837e-01 -4.09817594202741e-02
 6.68507960377354e-01 -4.87840996672273e-02
 6.47321043073326e-01 -5.67048806607332e-02
 6.26500256112401e-01 -6.46299366991194e-02
 6.06019507658285e-01 -7.24525484089640e-02
 5.85852393910964e-01 -8.00687630679646e-02
 5.65983771148367e-01 -8.74024417143807e-02
 5.46404848021572e-01 -9.43914031070058e-02
 5.27106422515091e-01 -1.00970511758468e-01
 5.08091887081149e-01 -1.07106335751393e-01
 4.89367287770071e-01 -1.12770837409560e-01
 4.70940647319670e-01 -1.17938694563361e-01
 4.52822935933016e-01 -1.22596149010176e-01
 4.35029723151656e-01 -1.26749484223497e-01
 4.17576621715365e-01 -1.30409742540796e-01
 4.00476025335263e-01 -1.33578057662305e-01
 3.83740424090614e-01 -1.36263009366282e-01
 3.67384618419356e-01 -1.38490799380287e-01
 3.51417512631960e-01 -1.40262212037006e-01
 3.35851028735839e-01 -1.41606769606227e-01
 3.20693399082319e-01 -1.42539680040068e-01
 3.05952903948453e-01 -1.43091892189102e-01
 2.91634476030124e-01 -1.43286097580707e-01
 2.77742832004800e-01 -1.43138821401545e-01
 2.64281425042951e-01 -1.42647100480356e-01
 2.51250756498674e-01 -1.41868344299439e-01
 2.38652304730337e-01 -1.40804336024246e-01
 2.26485590376371e-01 -1.39473539199139e-01
 2.14748085164158e-01 -1.37902331017604e-01
 2.03437773200474e-01 -1.36104221328033e-01
 1.92551611278523e-01 -1.34094177876170e-01
 1.82083843285727e-01 -1.31896842683195e-01
 1.72030772079773e-01 -1.29523120775783e-01
 1.62385805542131e-01 -1.26992444294846e-01
 1.53140480721873e-01 -1.24326580492309e-01
 1.44286350670253e-01 -1.21544360558451e-01
 1.35816523655584e-01 -1.18656252157096e-01
 1.27721490524565e-01 -1.15678817803492e-01
 1.19988715327699e-01 -1.12634726314624e-01
 1.12610497998595e-01 -1.09531500493118e-01
 1.05577162593754e-01 -1.06381293692883e-01
 9.88747649204646e-02 -1.03202953856381e-01
 9.24925437921481e-02 -1.00007040388322e-01
 8.64213397268621e-02 -9.68000092552832e-02
 8.06485348216370e-02 -9.35941018910886e-02
 7.51615682937672e-02 -9.04005943417933e-02
 6.99531854052420e-02 -8.72205732168813e-02
 6.50142047580927e-02 -8.40591498321169e-02
 6.03300323841349e-02 -8.09290837131973e-02
 5.58932608326602e-02 -7.78316216805859e-02
 5.16961603081202e-02 -7.47681508149530e-02
 4.77290819050529e-02 -7.17426016271735e-02
 4.39803859839820e-02 -6.87615615645080e-02
 4.04403807423006e-02 -6.58295548115475e-02
 3.71018971714278e-02 -6.29472943437603e-02
 3.39556161016626e-02 -6.01175597157690e-02
 3.09951992200558e-02 -5.73403654892590e-02
 2.82195022968447e-02 -5.46108796151566e-02
 2.56160214013086e-02 -5.19362307603122e-02
 2.31840247823932e-02 -4.93122887908925e-02
 2.09145969833139e-02 -4.67411394380798e-02
 1.87964299864414e-02 -4.42279614588427e-02
 1.68291866641054e-02 -4.17682272958164e-02
 1.50042555608311e-02 -3.93650278882095e-02
 1.33111105481608e-02 -3.70215300615573e-02
 1.17402344301915e-02 -3.47397209552844e-02
 1.03058731968122e-02 -3.25081553074897e-02
 8.99164222337658e-03 -3.03327616252716e-02
 7.78770289596642e-03 -2.82165923392564e-02
 6.68515662033320e-03 -2.61614757724341e-02
 5.70151377290437e-03 -2.41594419718234e-02
 4.82357274505904e-03 -2.22128992994698e-02
 4.03328177893446e-03 -2.03287595088086e-02
 3.28792934060462e-03 -1.85226593761805e-02
 2.62008045962797e-03 -1.67768579336400e-02
 2.08318957599340e-03 -1.50724615569694e-02
 1.64280760971655e-03 -1.34195256525033e-02
 1.27637770665127e-03 -1.18220910194645e-02
 1.00999858549264e-03 -1.02797563301942e-02
 8.08081397605678e-04 -8.79322871553860e-03
 6.49594148782375e-04 -7.36641301849924e-03
 5.21704989764743e-04 -5.99875385986330e-03
 4.10084819591939e-04 -4.68955698890791e-03
 3.01941004421737e-04 -3.43733016095120e-03
 1.98915373695341e-04 -2.23962023512953e-03
 9.93666234056187e-05 -1.09438334740686e-03
 0.00000000000000e+00  0.00000000000000e+00
 9.68178905387708e-05  1.09846447938103e-03
 1.88832163409970e-04  2.24249681973968e-03
 2.80919487703627e-04  3.43919384749972e-03
 3.76301060338194e-04  4.68979799390508e-03
 4.71673597898760e-04  5.99689491603494e-03
 5.78927161418467e-04  7.36157619231716e-03
 7.14133733224756e-04  8.78512233391611e-03
 8.86093436741733e-04  1.02700056502296e-02
 1.10996564259898e-03  1.18129318295084e-02
 1.41547243806905e-03  1.34151169267146e-02
 1.78387929829306e-03  1.50772541091616e-02
 2.23111241687652e-03  1.67997480807008e-02
 2.77127611193547e-03  1.85759502197274e-02
 3.40426542714964e-03  2.04120039702154e-02
 4.07869409508443e-03  2.23221177373902e-02
 4.83140125016005e-03  2.42983656436360e-02
 5.68931454715846e-03  2.63335927838959e-02
 6.65380836292050e-03  2.84265560651762e-02
 7.71862222026640e-03  3.05839930519681e-02
 8.87252067177977e-03  3.28137630813929e-02
 1.01421766332616e-02  3.51035095898271e-02
 1.15344726898960e-02  3.74536522356978e-02
 1.30527831977260e-02  3.98653138398306e-02
 1.46915149342688e-02  4.23449666886898e-02
 1.64690671418128e-02  4.48831506381417e-02
 1.83933029578780e-02  4.74792691407170e-02
 2.04708028590643e-02  5.01325973186420e-02
 2.27118283377569e-02  5.28383616461474e-02
 2.51224346833881e-02  5.55948225659308e-02
 2.77097447614162e-02  5.84012056358878e-02
 3.04814512673706e-02  6.12549869546930e-02
 3.34465959047624e-02  6.41517560898153e-02
 3.66076820218141e-02  6.70931121923318e-02
 3.99749987314924e-02  7.00736535961247e-02
 4.35574208147981e-02  7.30895940751513e-02
 4.73620462458214e-02  7.61387237191829e-02
 5.13985077608384e-02  7.92158452993704e-02
 5.56735745946116e-02  8.23184314547383e-02
 6.01992426189107e-02  8.54368952490846e-02
 6.49854177582546e-02  8.85644557321918e-02
 7.00397977782027e-02  9.16971491465789e-02
 7.53700725010187e-02  9.48307576445407e-02
 8.09860391893456e-02  9.79577175367563e-02
 8.68970792244628e-02  1.01069819169633e-01
 9.31160946229953e-02  1.04151023696329e-01
 9.96491051954773e-02  1.07198527415413e-01
 1.06506365761222e-01  1.10200512444541e-01
 1.13699479671430e-01  1.13140168694062e-01
 1.21235014906931e-01  1.16012228927475e-01
 1.29121123998848e-01  1.18804059511830e-01
 1.37368733161891e-01  1.21495501858678e-01
 1.45983466023739e-01  1.24079228154684e-01
 1.54972424641086e-01  1.26543701912092e-01
 1.64343245666906e-01  1.28869670257249e-01
 1.74102005316721e-01  1.31043767284205e-01
 1.84253773026772e-01  1.33052754051034e-01
 1.94804214722908e-01  1.34876664524724e-01
 2.05756107363811e-01  1.36508028168945e-01
 2.17113162236316e-01  1.37930801285776e-01
 2.28876935840059e-01  1.39141503393356e-01
 2.41049177501830e-01  1.40135552850145e-01
 2.53631649870605e-01  1.40904851956597e-01
 2.66625796202633e-01  1.41437891041635e-01
 2.80032593434827e-01  1.41695086290625e-01
 2.93851754588051e-01  1.41721902376398e-01
 3.08082790553109e-01  1.41513872246858e-01
 3.22725088596443e-01  1.41005425708851e-01
 3.37778196309916e-01  1.40258223563455e-01
 3.53240377259484e-01  1.39246719038170e-01
 3.69109704540479e-01  1.37972792941758e-01
 3.85383990590207e-01  1.36436381781074e-01
 4.02060766968778e-01  1.34643405067759e-01
 4.19134717365010e-01  1.32574507714919e-01
 4.36604536597348e-01  1.30258302845466e-01
 4.54464172759930e-01  1.27682995656245e-01
 4.72709162777497e-01  1.24859930777458e-01
 4.91331342873754e-01  1.21777402092921e-01
 5.10325914932473e-01  1.18453266682770e-01
 5.29687164269746e-01  1.14902569007099e-01
 5.49409616874237e-01  1.11145274149558e-01
 5.69481404857349e-01  1.07172779183544e-01
 5.89892678273680e-01  1.02992179627644e-01
 6.10634456084570e-01  9.86198320751062e-02
 6.31693306460809e-01  9.40554185430249e-02
 6.53059200439097e-01  8.93194755891081e-02
 6.74716724324770e-01  8.44115305038676e-02
 6.96654237070908e-01  7.93521786085138e-02
 7.18855862865753e-01  7.41500002307269e-02
 7.41305989468578e-01  6.88161789634294e-02
 7.63992788927014e-01  6.33833227843034e-02
 7.86899766710371e-01  5.78683952287895e-02
 8.10011101114648e-01  5.22947246102845e-02
 8.33306550941322e-01  4.66687798947137e-02
 8.56771481732170e-01  4.10262962560824e-02
 8.80389201319197e-01  3.53970186895798e-02
 9.04139920556547e-01  2.97993742176804e-02
 9.28005754551471e-01  2.42656259763120e-02
 9.51965581991576e-01  1.87758924822427e-02
 9.75977467714713e-01  1.33183908354058e-02
 1.00000000000000e+00  7.91589151636027e-03
