                   201   NumCoords   ! The number of coordinates in the airfoil shape file (including an extra coordinate for airfoil reference).  Set to zero if coordinates not included.
! ......... x-y coordinates are next if NumCoords > 0 .............
! x-y coordinate of airfoil reference
!  x/c        y/c
 0.377587       0
! coordinates of airfoil shape
! interpolation to 200 points
!  x/c        y/c
 1.00000000000000e+00 -7.72625651824991e-03
 9.77295986676189e-01 -1.75997552651199e-02
 9.54980172617022e-01 -3.23023327328076e-02
 9.33153903230656e-01 -4.76250867818565e-02
 9.11845650347648e-01 -6.48316907486697e-02
 8.90988362861552e-01 -8.25279442790574e-02
 8.70412231425175e-01 -1.00063269636601e-01
 8.50295304746847e-01 -1.17620865169926e-01
 8.30751775082843e-01 -1.35040080948519e-01
 8.11343421436350e-01 -1.52368067717637e-01
 7.91648561640549e-01 -1.69323766644427e-01
 7.71798219536761e-01 -1.85943179193363e-01
 7.51649556210793e-01 -2.02080999937687e-01
 7.31074811509826e-01 -2.17608621194457e-01
 7.10291407405818e-01 -2.32571388176232e-01
 6.89136600185967e-01 -2.46186666757015e-01
 6.67719651232502e-01 -2.58981475135507e-01
 6.46131558075760e-01 -2.70933342639629e-01
 6.25349252122802e-01 -2.82058988399753e-01
 6.04590866932405e-01 -2.92379467152501e-01
 5.83834502986423e-01 -3.01736190388374e-01
 5.63126966930491e-01 -3.10132760190335e-01
 5.42559992386084e-01 -3.17754418177752e-01
 5.22077322002258e-01 -3.24262646006669e-01
 5.01815882588708e-01 -3.30049003503400e-01
 4.81727689893589e-01 -3.34729925293145e-01
 4.61900032731570e-01 -3.38593656497114e-01
 4.42373467983734e-01 -3.41725946279154e-01
 4.23162743292870e-01 -3.43994460322506e-01
 4.04294239538781e-01 -3.45344327758087e-01
 3.85809726930256e-01 -3.46193915178683e-01
 3.67723938978169e-01 -3.46049240069218e-01
 3.50058935642196e-01 -3.45319982866610e-01
 3.32828694889933e-01 -3.44004633670771e-01
 3.16062227307203e-01 -3.42059991266280e-01
 2.99770973174855e-01 -3.39417420819436e-01
 2.83975789297217e-01 -3.36179098517647e-01
 2.68642744591509e-01 -3.32633399093021e-01
 2.53828672224997e-01 -3.28515270520796e-01
 2.39525410139075e-01 -3.23927855324557e-01
 2.25720943353411e-01 -3.19012336544109e-01
 2.12460796894066e-01 -3.13559900186587e-01
 1.99685831784672e-01 -3.07887238931027e-01
 1.87459341671870e-01 -3.01780828525658e-01
 1.75729536645496e-01 -2.95429714518437e-01
 1.64524582123360e-01 -2.88804432303405e-01
 1.53862233004863e-01 -2.81858044475264e-01
 1.43656946670736e-01 -2.74834180959979e-01
 1.34017303070565e-01 -2.67486700744974e-01
 1.24840250498489e-01 -2.60063407706756e-01
 1.16186773913266e-01 -2.52439164591028e-01
 1.08022008404273e-01 -2.44709327780800e-01
 1.00295599576312e-01 -2.36967271701918e-01
 9.30762092160582e-02 -2.29109562720847e-01
 8.62508568962460e-02 -2.21320019841339e-01
 7.98148017679974e-02 -2.13605198844312e-01
 7.37767739459010e-02 -2.05945679139794e-01
 6.80771828692592e-02 -1.98423820733641e-01
 6.28475590389107e-02 -1.90860289876780e-01
 5.79434863901813e-02 -1.83436753254625e-01
 5.32783586352776e-02 -1.76224764712930e-01
 4.90378167803182e-02 -1.69036273139522e-01
 4.51064041731640e-02 -1.61969448079858e-01
 4.14488885110874e-02 -1.55066605774687e-01
 3.80241332987288e-02 -1.48343175556364e-01
 3.47751681576986e-02 -1.41841520428735e-01
 3.18014912666755e-02 -1.35472581107772e-01
 2.90240002822617e-02 -1.29282333038291e-01
 2.64155164307243e-02 -1.23284422839907e-01
 2.39619836278186e-02 -1.17463263040037e-01
 2.17290774867090e-02 -1.11770246728508e-01
 1.96683565853515e-02 -1.06225118123904e-01
 1.77672073259637e-02 -1.00827191826503e-01
 1.60438270294449e-02 -9.55644402070155e-02
 1.44690773608918e-02 -9.04393377956552e-02
 1.30216223615421e-02 -8.54606337311755e-02
 1.17101344496940e-02 -8.06317265731333e-02
 1.05143078993847e-02 -7.59362906477197e-02
 9.38918004632214e-03 -7.13904563574915e-02
 8.32510564390846e-03 -6.69908334790235e-02
 7.36984499847792e-03 -6.27162588425825e-02
 6.52435157951130e-03 -5.85621898761975e-02
 5.74471372994573e-03 -5.45279928672367e-02
 4.99265321478015e-03 -5.06170696356682e-02
 4.28752187475665e-03 -4.68216700634419e-02
 3.65889445482166e-03 -4.31312512471244e-02
 3.10166349985348e-03 -3.95404182168387e-02
 2.60278234845178e-03 -3.60512529419086e-02
 2.15419618327597e-03 -3.26648324425556e-02
 1.73668078720040e-03 -2.93758260873452e-02
 1.38015278741397e-03 -2.61795632160963e-02
 1.09891637357771e-03 -2.30721288699436e-02
 8.56813417509648e-04 -2.00525880983527e-02
 6.17091517331894e-04 -1.71195675785336e-02
 3.55142354773767e-04 -1.42715299834696e-02
 1.77982320062930e-04 -1.14967121692504e-02
 1.00463230062671e-04 -8.77918218634217e-03
 4.02394175578927e-05 -6.09660604327933e-03
 1.30280522091687e-05 -3.35837460548134e-03
 0.00000000000000e+00  0.00000000000000e+00
 1.96746100665306e-06  2.16495844534764e-03
 3.47955262765399e-05  4.62528842355992e-03
 1.26154737909160e-04  7.15732156566815e-03
 2.75403570495351e-04  9.76031136557000e-03
 4.67881277379054e-04  1.24390872244689e-02
 6.66336824903880e-04  1.51996891667868e-02
 8.80798954794659e-04  1.80424781442603e-02
 1.11638930742193e-03  2.09669013937090e-02
 1.41423190093063e-03  2.39743068625970e-02
 1.80457598441459e-03  2.70669414749355e-02
 2.23178136905674e-03  3.02490498516520e-02
 2.67208467040578e-03  3.35243149932187e-02
 3.16331256973364e-03  3.68947084859152e-02
 3.73559424431930e-03  4.03577834842672e-02
 4.39391306666013e-03  4.39141192571629e-02
 5.10723212608079e-03  4.76286956951592e-02
 5.83880674403615e-03  5.15138390450357e-02
 6.60221604454750e-03  5.55147189714241e-02
 7.44130792906876e-03  5.96275148719386e-02
 8.39563183797781e-03  6.38556644167043e-02
 9.43753797470647e-03  6.82070242002796e-02
 1.05207231416118e-02  7.27026149794847e-02
 1.16522965119663e-02  7.73477193767081e-02
 1.28887774829739e-02  8.21306378103122e-02
 1.42745736296804e-02  8.70541035845299e-02
 1.57791133823610e-02  9.21301759282468e-02
 1.74230039659142e-02  9.73386875315506e-02
 1.92391536145117e-02  1.02674808112549e-01
 2.12362930068995e-02  1.08143592969628e-01
 2.34083259238826e-02  1.13744730618161e-01
 2.57733197528012e-02  1.19478045949681e-01
 2.83138396903225e-02  1.25361683231360e-01
 3.09988554131438e-02  1.31433864712981e-01
 3.38917504131989e-02  1.37659190225920e-01
 3.70138527885440e-02  1.44027002441856e-01
 4.03452061261894e-02  1.50571756356486e-01
 4.38342416979572e-02  1.57336009283759e-01
 4.76117311837770e-02  1.64235616221241e-01
 5.16955925067652e-02  1.71248047426683e-01
 5.60759928581994e-02  1.78397557504906e-01
 6.07563332614167e-02  1.85687253251858e-01
 6.57353046031089e-02  1.93135662110632e-01
 7.10302330571472e-02  2.00727542386124e-01
 7.67235802413025e-02  2.08375759366501e-01
 8.28018588754442e-02  2.16111244872037e-01
 8.92232386415040e-02  2.23984552350951e-01
 9.60538161545409e-02  2.31917576775872e-01
 1.03313465146046e-01  2.39867012329407e-01
 1.11039830855033e-01  2.47794344075740e-01
 1.19238226622313e-01  2.55670894198705e-01
 1.27947832961321e-01  2.63421676338408e-01
 1.37138238734179e-01  2.71084212914935e-01
 1.46820948434700e-01  2.78615731666998e-01
 1.57044956413302e-01  2.85916862652850e-01
 1.67756015355419e-01  2.93072507683111e-01
 1.79000496459274e-01  2.99975326388510e-01
 1.90781916029175e-01  3.06555357565051e-01
 2.03082555337327e-01  3.12863072463916e-01
 2.15900555649846e-01  3.18832524173957e-01
 2.29255333557047e-01  3.24402441789005e-01
 2.43147140302613e-01  3.29430057051449e-01
 2.57578968447338e-01  3.33911074838252e-01
 2.72512162056454e-01  3.37856998201631e-01
 2.87936653187411e-01  3.41327932322220e-01
 3.03848642365908e-01  3.44108174757374e-01
 3.20220798578339e-01  3.46369437898821e-01
 3.37057083404183e-01  3.47829318280858e-01
 3.54316631045970e-01  3.48804466210267e-01
 3.71996852640099e-01  3.48950651719234e-01
 3.90071999177175e-01  3.48398897086036e-01
 4.08526241439702e-01  3.47230120591783e-01
 4.27320418076129e-01  3.45193979609987e-01
 4.46457607091954e-01  3.42511793348613e-01
 4.65901528679803e-01  3.39098852579978e-01
 4.85634011499831e-01  3.34944747863901e-01
 5.05613876305046e-01  3.29927725115119e-01
 5.25841602519942e-01  3.24235501404863e-01
 5.46272553257999e-01  3.17726206150246e-01
 5.66889061136912e-01  3.10454693523018e-01
 5.87644834157425e-01  3.02349874278168e-01
 6.08537611805013e-01  2.93495836930597e-01
 6.29583828234498e-01  2.84069468140116e-01
 6.50682311270465e-01  2.73792722860838e-01
 6.71902087586390e-01  2.62985266884657e-01
 6.93110166800185e-01  2.51340698759002e-01
 7.14550743921387e-01  2.39147136880675e-01
 7.36179900021595e-01  2.26173337289258e-01
 7.57652521195026e-01  2.11870457107842e-01
 7.79043662891026e-01  1.97094487477496e-01
 8.00187164122542e-01  1.81756904667885e-01
 8.21092581925797e-01  1.65917642082951e-01
 8.41765294063550e-01  1.49634058239421e-01
 8.62192708215311e-01  1.32937344591130e-01
 8.82171060343182e-01  1.15754248005161e-01
 9.01924127589066e-01  9.82180964949365e-02
 9.21959873955101e-01  8.04111789385373e-02
 9.41698005066375e-01  6.22188177993984e-02
 9.61147078724574e-01  4.36386646936166e-02
 9.80259717187878e-01  2.63186414784845e-02
 1.00000000000000e+00  1.11380987027357e-02
