                   201   NumCoords   ! The number of coordinates in the airfoil shape file (including an extra coordinate for airfoil reference).  Set to zero if coordinates not included.
! ......... x-y coordinates are next if NumCoords > 0 .............
! x-y coordinate of airfoil reference
!  x/c        y/c
 0.265667       0
! coordinates of airfoil shape
! interpolation to 200 points
!  x/c        y/c
 1.00000000000000e+00  3.55672084673430e-03
 9.80897448400846e-01  3.66788505302057e-03
 9.56598932726438e-01  4.06532105614069e-03
 9.32226893077482e-01  4.63737716225748e-03
 9.07845916687376e-01  5.72055616240665e-03
 8.83540880726891e-01  5.73039801187162e-03
 8.59378030386415e-01  4.84874685793268e-03
 8.35411384078399e-01  3.15047282465856e-03
 8.11689615090715e-01  6.92961777795635e-04
 7.88262831356718e-01 -2.50828533403499e-03
 7.65181142997239e-01 -6.44387052709194e-03
 7.42472367708061e-01 -1.10168844683109e-02
 7.20151328332364e-01 -1.61462557122054e-02
 6.98233589239583e-01 -2.18294830961989e-02
 6.76725049095176e-01 -2.78518725589081e-02
 6.55604764891694e-01 -3.41141045892237e-02
 6.34863497794245e-01 -4.05136212695186e-02
 6.14487172689437e-01 -4.69428300952652e-02
 5.94463172700595e-01 -5.33115638821670e-02
 5.74779714118410e-01 -5.95369919169524e-02
 5.55424108935937e-01 -6.55353336308563e-02
 5.36392433333691e-01 -7.12555921904711e-02
 5.17681373080701e-01 -7.66454253480743e-02
 4.99292579053686e-01 -8.16715350280350e-02
 4.81223955246715e-01 -8.62832520052609e-02
 4.63476768980705e-01 -9.04397513756457e-02
 4.46060579550824e-01 -9.41311043121007e-02
 4.28987370377604e-01 -9.73626116645113e-02
 4.12270192710053e-01 -1.00145074283861e-01
 3.95920553696889e-01 -1.02494665251595e-01
 3.79951263004732e-01 -1.04438952042020e-01
 3.64370038338355e-01 -1.05985070225707e-01
 3.49185376411733e-01 -1.07155842584492e-01
 3.34404755857602e-01 -1.07985655859271e-01
 3.20032882303982e-01 -1.08493806580666e-01
 3.06072826135850e-01 -1.08673616753844e-01
 2.92526834021527e-01 -1.08598791527262e-01
 2.79395685659420e-01 -1.08261875388294e-01
 2.66677882752955e-01 -1.07685584490095e-01
 2.54371620359264e-01 -1.06897272254107e-01
 2.42473330654450e-01 -1.05914066833703e-01
 2.30979145263021e-01 -1.04753738845858e-01
 2.19884215230158e-01 -1.03432770866265e-01
 2.09183262937311e-01 -1.01961185670727e-01
 1.98868656720504e-01 -1.00364217322789e-01
 1.88936280985359e-01 -9.86389873437176e-02
 1.79376467986721e-01 -9.68125229049894e-02
 1.70182229436461e-01 -9.48943130409123e-02
 1.61345043210246e-01 -9.28961494831664e-02
 1.52856579435487e-01 -9.08282069849622e-02
 1.44707792243140e-01 -8.87008620581284e-02
 1.36887614785700e-01 -8.65321203593656e-02
 1.29388027478380e-01 -8.43275799641598e-02
 1.22200996740797e-01 -8.20910848116909e-02
 1.15315982611381e-01 -7.98333254369084e-02
 1.08723104256506e-01 -7.75629460462825e-02
 1.02415380951274e-01 -7.52789902128852e-02
 9.63812394750047e-02 -7.29949929511314e-02
 9.06109269838422e-02 -7.07174203375526e-02
 8.50964057129634e-02 -6.84484585179867e-02
 7.98294348492428e-02 -6.61903438060986e-02
 7.47994750077031e-02 -6.39510730016478e-02
 6.99990028304036e-02 -6.17319717034435e-02
 6.54209178031198e-02 -5.95332030100707e-02
 6.10566539266178e-02 -5.73578089420676e-02
 5.68961283755078e-02 -5.52125013316966e-02
 5.29318226504015e-02 -5.30989969916139e-02
 4.91578362010941e-02 -5.10158329014650e-02
 4.55677073127722e-02 -4.89625564184229e-02
 4.21542757862116e-02 -4.69406582871023e-02
 3.89123907527189e-02 -4.49489837395052e-02
 3.58345661067238e-02 -4.29898934009512e-02
 3.29159296195115e-02 -4.10617950591732e-02
 3.01518035782935e-02 -3.91631992565510e-02
 2.75335977860036e-02 -3.72989862919457e-02
 2.50593887973493e-02 -3.54646430209241e-02
 2.27232245946899e-02 -3.36606003562460e-02
 2.05151435177075e-02 -3.18934583154103e-02
 1.84319728687481e-02 -3.01612421438931e-02
 1.64817843661160e-02 -2.84499327026721e-02
 1.46610222289606e-02 -2.67588671652700e-02
 1.29572737256866e-02 -2.50979861588398e-02
 1.13656052074574e-02 -2.34683598672895e-02
 9.89527927922397e-03 -2.18582599350126e-02
 8.54802267921856e-03 -2.02637809932169e-02
 7.30372029150880e-03 -1.86999161911342e-02
 6.09100914631097e-03 -1.72179589300784e-02
 4.98019395935256e-03 -1.57608965105865e-02
 4.02028433283932e-03 -1.42952103129209e-02
 3.21639100251171e-03 -1.28217387835129e-02
 2.54222359889628e-03 -1.13618579774957e-02
 2.01128345892610e-03 -9.91982395687195e-03
 1.59916949034841e-03 -8.50804084628578e-03
 1.29842795982708e-03 -7.13329692024261e-03
 1.04101858405207e-03 -5.81036968501084e-03
 8.08381536222779e-04 -4.54368981941119e-03
 5.92093194177953e-04 -3.33120170834540e-03
 3.88066648165792e-04 -2.17135274887133e-03
 1.91377131593076e-04 -1.06328439111161e-03
 0.00000000000000e+00  0.00000000000000e+00
 1.86036661156095e-04  1.06075593098785e-03
 3.62749869603698e-04  2.16938200552104e-03
 5.35747948816069e-04  3.33008964059582e-03
 7.12299480271203e-04  4.54424509281210e-03
 8.94844799383488e-04  5.81333533066385e-03
 1.09449874171903e-03  7.13741661155554e-03
 1.33016836120810e-03  8.51761503536385e-03
 1.61398343722997e-03  9.95103131622542e-03
 2.00189127498741e-03  1.14232917071546e-02
 2.50055016188141e-03  1.29385017112542e-02
 3.07521807575833e-03  1.44998055176014e-02
 3.75401374074121e-03  1.60971684006527e-02
 4.55467431995743e-03  1.77256877974418e-02
 5.44150869410804e-03  1.93994740657812e-02
 6.40457836307088e-03  2.11298327757010e-02
 7.45873420947310e-03  2.29077183066393e-02
 8.63861339699725e-03  2.47154587548262e-02
 9.93743208686266e-03  2.65571308817480e-02
 1.13455285878796e-02  2.84424492659025e-02
 1.28515949393173e-02  3.03814250737757e-02
 1.44828408970963e-02  3.23572672383287e-02
 1.62436385072558e-02  3.43690957911524e-02
 1.81335214340738e-02  3.64212815103918e-02
 2.01526440400318e-02  3.85172003757991e-02
 2.23147368585349e-02  4.06480615344648e-02
 2.46244398563617e-02  4.28153854096111e-02
 2.70863439930849e-02  4.50304272279352e-02
 2.97090889237957e-02  4.72764598034061e-02
 3.24970311727455e-02  4.95529286166518e-02
 3.54496998548172e-02  5.18667123017741e-02
 3.85751100750689e-02  5.42134885947854e-02
 4.18820997444454e-02  5.65889236555483e-02
 4.53764191115265e-02  5.89930891760418e-02
 4.90662796827010e-02  6.14223491356848e-02
 5.29576359113728e-02  6.38773694709036e-02
 5.70578307142934e-02  6.63554809121696e-02
 6.13737781551509e-02  6.88546519351797e-02
 6.59114105884357e-02  7.13740008138974e-02
 7.06803895659959e-02  7.39062171626189e-02
 7.56890441609404e-02  7.64477328228308e-02
 8.09456562331870e-02  7.89956112301022e-02
 8.64584220217066e-02  8.15471465235989e-02
 9.22359440446846e-02  8.40974598977738e-02
 9.82856363831619e-02  8.66414089000060e-02
 1.04616152212679e-01  8.91723673819212e-02
 1.11236965978971e-01  9.16824841754953e-02
 1.18157850244472e-01  9.41623116173742e-02
 1.25385937425581e-01  9.66099903138009e-02
 1.32931714222878e-01  9.90115669329274e-02
 1.40802359644822e-01  1.01364934779682e-01
 1.49005638747949e-01  1.03664324779687e-01
 1.57550409279082e-01  1.05895474850680e-01
 1.66451140870347e-01  1.08018610016554e-01
 1.75704070266130e-01  1.10080851903123e-01
 1.85323763214818e-01  1.12035467872004e-01
 1.95318009287894e-01  1.13865531412733e-01
 2.05692727109807e-01  1.15559480629360e-01
 2.16452163138889e-01  1.17115435937490e-01
 2.27600398372186e-01  1.18533253462562e-01
 2.39146918855419e-01  1.19762025662357e-01
 2.51095035300134e-01  1.20785937277730e-01
 2.63446569795574e-01  1.21599507121821e-01
 2.76203883171242e-01  1.22188003895671e-01
 2.89368705654902e-01  1.22563909836597e-01
 3.02942187710357e-01  1.22675212396363e-01
 3.16924594736649e-01  1.22624601833738e-01
 3.31314214452131e-01  1.22297042843959e-01
 3.46110202008131e-01  1.21691089022572e-01
 3.61311143850691e-01  1.20840143730638e-01
 3.76914749837651e-01  1.19723461159225e-01
 3.92918067097317e-01  1.18338952611505e-01
 4.09319405324790e-01  1.16700012395830e-01
 4.26117177302697e-01  1.14830086614890e-01
 4.43302035032091e-01  1.12676019624308e-01
 4.60875012991320e-01  1.10295004427870e-01
 4.78815235731218e-01  1.07650643023654e-01
 4.97117715157055e-01  1.04769443828591e-01
 5.15796604476401e-01  1.01690580864728e-01
 5.34836362343232e-01  9.83729833989041e-02
 5.54231225579193e-01  9.48470654551473e-02
 5.73970401390833e-01  9.11166853113270e-02
 5.94039361100764e-01  8.71855245489292e-02
 6.14452250737970e-01  8.30662642017241e-02
 6.35230557955465e-01  7.87614396399699e-02
 6.56321149309782e-01  7.43191930282011e-02
 6.77710559450037e-01  6.97479275071404e-02
 6.99387301016630e-01  6.50679495395403e-02
 7.21338688937048e-01  6.03072441851393e-02
 7.43546614213692e-01  5.54628482185966e-02
 7.66002954487487e-01  5.05904828515855e-02
 7.88688876948155e-01  4.56964839692376e-02
 8.11587308288266e-01  4.08012472894845e-02
 8.34682031410907e-01  3.59315698612203e-02
 8.57950020758479e-01  3.10823939479547e-02
 8.81371473114156e-01  2.62694278745074e-02
 9.04927952502456e-01  2.15195396826528e-02
 9.28595242798574e-01  1.68329922496476e-02
 9.52350685795105e-01  1.22955957319185e-02
 9.76160680079980e-01  7.85669765551225e-03
 1.00000000000000e+00  3.55672084673430e-03
