                   201   NumCoords   ! The number of coordinates in the airfoil shape file (including an extra coordinate for airfoil reference).  Set to zero if coordinates not included.
! ......... x-y coordinates are next if NumCoords > 0 .............
! x-y coordinate of airfoil reference
!  x/c        y/c
 0.217710       0
! coordinates of airfoil shape
! interpolation to 200 points
!  x/c        y/c
 1.00000000000000e+00  1.43483251233627e-03
 9.77332408338765e-01  2.74018166757640e-03
 9.53251080089098e-01  3.97187599688829e-03
 9.29220985773205e-01  5.06199399996753e-03
 9.05225182976551e-01  5.97920465480206e-03
 8.81313518325798e-01  5.91903795705758e-03
 8.57539421767957e-01  5.06587777912514e-03
 8.33949825377666e-01  3.48021851004803e-03
 8.10584435701327e-01  1.22236718324862e-03
 7.87483404938402e-01 -1.67175659204591e-03
 7.64682668935005e-01 -5.16877217267002e-03
 7.42200595057852e-01 -9.15533302599495e-03
 7.20060029921077e-01 -1.36245789085935e-02
 6.98255577932291e-01 -1.87125085985658e-02
 6.76798366730557e-01 -2.40973126420035e-02
 6.55723311794249e-01 -2.97086791770071e-02
 6.35024146046303e-01 -3.54669620178237e-02
 6.14692670949835e-01 -4.12876635958379e-02
 5.94721084731898e-01 -4.70944201317958e-02
 5.75100199352385e-01 -5.28057779443305e-02
 5.55818504311998e-01 -5.83331465457704e-02
 5.36875000516638e-01 -6.36350087935403e-02
 5.18268616536216e-01 -6.86665676547955e-02
 5.00000126389015e-01 -7.33904251270577e-02
 4.82061659527504e-01 -7.77299565932808e-02
 4.64451267756718e-01 -8.16324262122763e-02
 4.47177789517928e-01 -8.50906772633235e-02
 4.30249877203384e-01 -8.80968887471772e-02
 4.13679905393142e-01 -9.06635100080166e-02
 3.97479239206859e-01 -9.28102765837948e-02
 3.81660159937490e-01 -9.45695291641745e-02
 3.66230569241878e-01 -9.59574930120581e-02
 3.51197046834138e-01 -9.69858906964311e-02
 3.36566927254592e-01 -9.77020713113207e-02
 3.22343460102476e-01 -9.81126970706649e-02
 3.08529339325240e-01 -9.81808361982394e-02
 2.95125767033412e-01 -9.80772063224584e-02
 2.82132584085632e-01 -9.77044150797738e-02
 2.69548004611020e-01 -9.71134825488979e-02
 2.57368791942554e-01 -9.63379031695917e-02
 2.45590584777503e-01 -9.53965131028184e-02
 2.34209978771318e-01 -9.42929242628765e-02
 2.23220448057587e-01 -9.30559535063858e-02
 2.12615327815684e-01 -9.17003769395863e-02
 2.02388042293613e-01 -9.02373119127589e-02
 1.92532911116403e-01 -8.86681133363479e-02
 1.83042085656774e-01 -8.70068774004720e-02
 1.73906632969098e-01 -8.52734610583031e-02
 1.65117178481459e-01 -8.34819011527168e-02
 1.56666906947075e-01 -8.16329368525003e-02
 1.48546919859484e-01 -7.97344277141648e-02
 1.40745530778347e-01 -7.78073878187012e-02
 1.33253861731504e-01 -7.58592763031211e-02
 1.26065241873042e-01 -7.38877292975728e-02
 1.19169353559944e-01 -7.19025894062061e-02
 1.12556774248067e-01 -6.99109701047955e-02
 1.06221075492421e-01 -6.79089270167368e-02
 1.00151910886503e-01 -6.59070954617089e-02
 9.43399398094608e-02 -6.39113888965549e-02
 8.87765259986309e-02 -6.19255856520935e-02
 8.34531908321866e-02 -5.99530136938361e-02
 7.83621487785355e-02 -5.79951196866188e-02
 7.34951704400478e-02 -5.60546621606211e-02
 6.88443320172309e-02 -5.41335574621937e-02
 6.44015204360522e-02 -5.22344584789450e-02
 6.01581422928113e-02 -5.03619396090548e-02
 5.61078306691358e-02 -4.85150744314254e-02
 5.22446350014993e-02 -4.66922481475311e-02
 4.85629987322407e-02 -4.48913860638477e-02
 4.50561706576987e-02 -4.31142860416632e-02
 4.17174507935833e-02 -4.13621753736571e-02
 3.85400031770680e-02 -3.96366175806020e-02
 3.55194309913046e-02 -3.79352442827028e-02
 3.26497430300065e-02 -3.62593442081576e-02
 2.99246896763865e-02 -3.46100847475602e-02
 2.73399572264334e-02 -3.29858412487604e-02
 2.48930829575537e-02 -3.13826969508636e-02
 2.25738491408421e-02 -2.98089563923130e-02
 2.03790892184828e-02 -2.82626984177403e-02
 1.83110198831794e-02 -2.67343502483889e-02
 1.63681943930206e-02 -2.52213616589356e-02
 1.45338606123936e-02 -2.37402376861689e-02
 1.28081712488308e-02 -2.22858781082889e-02
 1.12000821941764e-02 -2.08428728270525e-02
 9.71837148400210e-03 -1.93996195275303e-02
 8.33782347981114e-03 -1.79805952818143e-02
 7.01399019844742e-03 -1.66216753631023e-02
 5.78224055198206e-03 -1.52896966093199e-02
 4.70002862441658e-03 -1.39316775688771e-02
 3.78114228633724e-03 -1.25436997931833e-02
 3.00103076737966e-03 -1.11528184968589e-02
 2.37882107137312e-03 -9.76065364591259e-03
 1.89835291762945e-03 -8.38341690085010e-03
 1.54580933263630e-03 -7.03025263028633e-03
 1.24056497427667e-03 -5.72676543772362e-03
 9.66178218805734e-04 -4.47732470092479e-03
 7.09262114831732e-04 -3.28130354812732e-03
 4.65446979711324e-04 -2.13709944386360e-03
 2.29441216653122e-04 -1.04325706226638e-03
 0.00000000000000e+00  0.00000000000000e+00
 2.34470574594490e-04  1.04357151482132e-03
 4.56228758024008e-04  2.13555099628995e-03
 6.76210231240711e-04  3.27903256559065e-03
 8.99834252183990e-04  4.47611070871987e-03
 1.13299783600499e-03  5.72728346203639e-03
 1.38832779013839e-03  7.03169847998818e-03
 1.68599706372966e-03  8.39034615441622e-03
 2.04378953731732e-03  9.79602476296731e-03
 2.53229449662518e-03  1.12271841593561e-02
 3.13991533920061e-03  1.26904721782046e-02
 3.84039851687072e-03  1.41884423814207e-02
 4.66186839241941e-03  1.57056362022333e-02
 5.60291949877382e-03  1.72426110203137e-02
 6.63610037349843e-03  1.88167102763323e-02
 7.72244613312622e-03  2.04560497906247e-02
 8.91010065980015e-03  2.21305539315550e-02
 1.02121948444605e-02  2.38329968262129e-02
 1.16304085330700e-02  2.55645871202969e-02
 1.31534784651575e-02  2.73363662527058e-02
 1.47819390748797e-02  2.91510145923221e-02
 1.65294616185783e-02  3.10003641312466e-02
 1.84057075713706e-02  3.28797298927000e-02
 2.04061400697046e-02  3.47969118757546e-02
 2.25370166294965e-02  3.67497989451906e-02
 2.48060291671250e-02  3.87355399635224e-02
 2.72189713999311e-02  4.07565517404844e-02
 2.97742101855743e-02  4.28413970132170e-02
 3.24812449673679e-02  4.49604463249388e-02
 3.53466385826590e-02  4.71122362142799e-02
 3.83734114318060e-02  4.93002494926271e-02
 4.15694542298090e-02  5.15191918222080e-02
 4.49414529190370e-02  5.37669712686969e-02
 4.84962280213198e-02  5.60431857462461e-02
 5.22416791797549e-02  5.83461445847561e-02
 5.61805116555222e-02  6.06825481441546e-02
 6.03208214188440e-02  6.30485396085987e-02
 6.46707346637658e-02  6.54402082674543e-02
 6.92379598280561e-02  6.78535519437526e-02
 7.40308882657129e-02  7.02833170047447e-02
 7.90577405251881e-02  7.27268135366651e-02
 8.43267642397437e-02  7.51824890787883e-02
 8.98462503219723e-02  7.76490484220201e-02
 9.56258466679852e-02  8.01198441355706e-02
 1.01670553835335e-01  8.25944503331396e-02
 1.07988134953410e-01  8.50686237618265e-02
 1.14589092918572e-01  8.75325673942352e-02
 1.21486337401299e-01  8.99696583332061e-02
 1.28685663439514e-01  9.23831391659941e-02
 1.36200354529931e-01  9.47500386898986e-02
 1.44034003383494e-01  9.70835064038205e-02
 1.52190949894115e-01  9.93921209671688e-02
 1.60683020520853e-01  1.01650013278781e-01
 1.69538288336943e-01  1.03764876687793e-01
 1.78732393031507e-01  1.05874670746200e-01
 1.88291438990660e-01  1.07882677202604e-01
 1.98224759065231e-01  1.09765848190723e-01
 2.08537281258104e-01  1.11518111667266e-01
 2.19231592884613e-01  1.13151791268522e-01
 2.30311313803821e-01  1.14673576168799e-01
 2.41793804058146e-01  1.15981031630090e-01
 2.53680898718133e-01  1.17058529828830e-01
 2.65972564564217e-01  1.17905973865540e-01
 2.78670552981750e-01  1.18518776214399e-01
 2.91775896420779e-01  1.18951309863167e-01
 3.05291447906717e-01  1.19065932369859e-01
 3.19217344388560e-01  1.19061323504413e-01
 3.33550112626029e-01  1.18801875929214e-01
 3.48288150728081e-01  1.18196987886764e-01
 3.63431504194655e-01  1.17372501301999e-01
 3.78975551153992e-01  1.16256432266870e-01
 3.94917340086899e-01  1.14856381991361e-01
 4.11254391162998e-01  1.13182751524230e-01
 4.27991083384334e-01  1.11310739442716e-01
 4.45107629315082e-01  1.09102913945239e-01
 4.62615591645632e-01  1.06693474921889e-01
 4.80473096575170e-01  1.03978033313407e-01
 4.98684560131304e-01  1.01043150653048e-01
 5.17282850887025e-01  9.79442784117661e-02
 5.36240202800779e-01  9.45745225803131e-02
 5.55559040553804e-01  9.09991920809457e-02
 5.75232648975185e-01  8.72279741593721e-02
 5.95247124791342e-01  8.32504724236799e-02
 6.15592247464812e-01  7.90791624851691e-02
 6.36256051155651e-01  7.47176013753924e-02
 6.57238109309780e-01  7.02357359114888e-02
 6.78524225050545e-01  6.56386343296791e-02
 7.00098810730366e-01  6.09302498857567e-02
 7.21957447096240e-01  5.61729582823663e-02
 7.44075846742288e-01  5.13398957794729e-02
 7.66449931242652e-01  4.65045926958323e-02
 7.89060908516561e-01  4.16758657388862e-02
 8.11891932703794e-01  3.68773382924328e-02
 8.34926640081335e-01  3.21367548120678e-02
 8.58139488389259e-01  2.74397411510463e-02
 8.81510855790654e-01  2.28053625871498e-02
 9.05021873730281e-01  1.82598840953811e-02
 9.28649975751375e-01  1.38165088203213e-02
 9.52373839670230e-01  9.55558958051827e-03
 9.76165328131642e-01  5.41223292182667e-03
 1.00000000000000e+00  1.43483251233627e-03
