                   201   NumCoords   ! The number of coordinates in the airfoil shape file (including an extra coordinate for airfoil reference).  Set to zero if coordinates not included.
! ......... x-y coordinates are next if NumCoords > 0 .............
! x-y coordinate of airfoil reference
!  x/c        y/c
 0.180326       0
! coordinates of airfoil shape
! interpolation to 200 points
!  x/c        y/c
 1.00000000000000e+00  1.61015840588665e-06
 9.76685176571470e-01  3.13832778574755e-03
 9.53170361873191e-01  5.22054524294884e-03
 9.29613932182116e-01  5.97120134744482e-03
 9.06126351192040e-01  5.79629859742651e-03
 8.82755757620428e-01  5.11351080012567e-03
 8.59560283074199e-01  3.36501962541193e-03
 8.36528053199147e-01  1.35137134557302e-03
 8.13703522127410e-01 -1.09475433253417e-03
 7.91092347047897e-01 -3.77581716127252e-03
 7.68719280102994e-01 -6.69074623134908e-03
 7.46596910163040e-01 -9.77331732137768e-03
 7.24738984815340e-01 -1.29776834495258e-02
 7.03161272554795e-01 -1.62335639335530e-02
 6.81872458470943e-01 -1.95151200777808e-02
 6.60887644736680e-01 -2.28199377435000e-02
 6.40210988513603e-01 -2.60645248558756e-02
 6.19857931362655e-01 -2.92559824971966e-02
 5.99835910503453e-01 -3.23571513490166e-02
 5.80153976403639e-01 -3.53482957443114e-02
 5.60823069547326e-01 -3.82288237017094e-02
 5.41846742312722e-01 -4.09549783751631e-02
 5.23236453297718e-01 -4.35430824009162e-02
 5.04996277910948e-01 -4.59642212270105e-02
 4.87129906251882e-01 -4.81929255451227e-02
 4.69648290458801e-01 -5.02662892851487e-02
 4.52550042471893e-01 -5.21273930301262e-02
 4.35840843812662e-01 -5.37831840076073e-02
 4.19528745190533e-01 -5.52795286948034e-02
 4.03609402426329e-01 -5.65300894556548e-02
 3.88091898723377e-01 -5.76253906317527e-02
 3.72977503367602e-01 -5.85796619460064e-02
 3.58260689175263e-01 -5.92518595069170e-02
 3.43943188968934e-01 -5.96872995820926e-02
 3.30028780999731e-01 -5.99962675259048e-02
 3.16515893106115e-01 -6.02056065338043e-02
 3.03400519769515e-01 -6.02865405817801e-02
 2.90679786276515e-01 -6.01952509997573e-02
 2.78350124279785e-01 -5.99917475648525e-02
 2.66405894442178e-01 -5.97145381428768e-02
 2.54840860351535e-01 -5.93964149143460e-02
 2.43650275161909e-01 -5.90127182420228e-02
 2.32830555933540e-01 -5.84846412430149e-02
 2.22374240213691e-01 -5.78713998679993e-02
 2.12271946476413e-01 -5.72193949305425e-02
 2.02515842472917e-01 -5.65382684345179e-02
 1.93100314711488e-01 -5.58091187872426e-02
 1.84020017228191e-01 -5.50034277287493e-02
 1.75265654419764e-01 -5.41511910320818e-02
 1.66827857952421e-01 -5.32718967458502e-02
 1.58697278678718e-01 -5.23795746931174e-02
 1.50866124872562e-01 -5.14744498190049e-02
 1.43328475792381e-01 -5.05384772931235e-02
 1.36076428544586e-01 -4.95761132453747e-02
 1.29101205139050e-01 -4.85952385489014e-02
 1.22394140244634e-01 -4.76023720657017e-02
 1.15946707104644e-01 -4.66032380684867e-02
 1.09749814724096e-01 -4.56070582830068e-02
 1.03798308619168e-01 -4.45994784328510e-02
 9.80866868932419e-02 -4.35698022922272e-02
 9.26099966145474e-02 -4.25061117033683e-02
 8.73576947049870e-02 -4.14304961125546e-02
 8.23205597087407e-02 -4.03529101845004e-02
 7.74904675086090e-02 -3.92790816608060e-02
 7.28610540879040e-02 -3.82068926498609e-02
 6.84268827379199e-02 -3.71322414631798e-02
 6.41818668697683e-02 -3.60535942631833e-02
 6.01199887976170e-02 -3.49697899136926e-02
 5.62356208965676e-02 -3.38811587289040e-02
 5.25211639748729e-02 -3.27934986674135e-02
 4.89699334197699e-02 -3.17097377953918e-02
 4.55767536790641e-02 -3.06287363134696e-02
 4.23368133729453e-02 -2.95494661738638e-02
 3.92446988918981e-02 -2.84720330505327e-02
 3.62952330762043e-02 -2.73966565886585e-02
 3.34831908435289e-02 -2.63253873438752e-02
 3.08039317482807e-02 -2.52579108961408e-02
 2.82535487983056e-02 -2.41923854004465e-02
 2.58330472987027e-02 -2.31170767701770e-02
 2.35389191853947e-02 -2.20330678491162e-02
 2.13669594419439e-02 -2.09413802556151e-02
 1.93123434729058e-02 -1.98447745487493e-02
 1.73690063942882e-02 -1.87490663708956e-02
 1.55523218590685e-02 -1.76276456729931e-02
 1.38623478572073e-02 -1.64743180892602e-02
 1.22834966393530e-02 -1.53149878009467e-02
 1.07847502508193e-02 -1.41860472543194e-02
 9.40076851200768e-03 -1.30461055779973e-02
 8.13907262983626e-03 -1.18774687515765e-02
 6.91864241020066e-03 -1.07747294376491e-02
 5.73888048994026e-03 -9.73145076509062e-03
 4.65905194631065e-03 -8.68245452049382e-03
 3.71861076666213e-03 -7.59208740784885e-03
 2.92008388808821e-03 -6.46769956510709e-03
 2.24318489146528e-03 -5.33317110991729e-03
 1.66590946248805e-03 -4.20989138614800e-03
 1.16617448154065e-03 -3.10939794343342e-03
 7.29860858287353e-04 -2.03827436248652e-03
 3.44453016952352e-04 -1.00107790373835e-03
 0.00000000000000e+00  0.00000000000000e+00
 1.96547000459724e-04  1.03844707953595e-03
 3.28676276562479e-04  2.13765994854345e-03
 4.42472686886043e-04  3.28813063049830e-03
 5.46981124252439e-04  4.49228278579062e-03
 6.53490814222328e-04  5.75054213631884e-03
 7.56659773718060e-04  7.06592092541809e-03
 8.62844326796784e-04  8.44040596710537e-03
 9.85115100238138e-04  9.87501426367620e-03
 1.11523253906007e-03  1.13816483121825e-02
 1.26426820704597e-03  1.29555547385004e-02
 1.48982289114340e-03  1.45666784478591e-02
 2.02853417551560e-03  1.61961802635853e-02
 2.94341187328436e-03  1.77298173761760e-02
 3.98849671865020e-03  1.92851449481262e-02
 5.06360368493990e-03  2.09182927155431e-02
 6.23254256052881e-03  2.25924560170153e-02
 7.53278218850191e-03  2.42811564367465e-02
 8.97175143835005e-03  2.59794464304145e-02
 1.05384523746288e-02  2.76974350949630e-02
 1.22254423066423e-02  2.94423056683251e-02
 1.40418889213715e-02  3.12084465328363e-02
 1.59927690306668e-02  3.29932606993346e-02
 1.80796894855780e-02  3.47980977100815e-02
 2.03009701248873e-02  3.66295379369179e-02
 2.26573414215352e-02  3.84919467993761e-02
 2.51528925060482e-02  4.03858059388106e-02
 2.77945189320053e-02  4.23062087668418e-02
 3.05884157909780e-02  4.42538131237519e-02
 3.35401423702860e-02  4.62280428996964e-02
 3.66547972242356e-02  4.82294967014262e-02
 3.99366263491654e-02  5.02605115336620e-02
 4.33883085513920e-02  5.23262680203893e-02
 4.70188303319278e-02  5.44216087404706e-02
 5.08392572007416e-02  5.65353777951343e-02
 5.48581761551767e-02  5.86636210261686e-02
 5.90816562213149e-02  6.08075811553865e-02
 6.35144914298986e-02  6.29698434561895e-02
 6.81597181669602e-02  6.51578718130923e-02
 7.30241531255996e-02  6.73722310291822e-02
 7.81173986254154e-02  6.96069952150427e-02
 8.34517163330697e-02  7.18501090380910e-02
 8.90401532350247e-02  7.40854298330240e-02
 9.48937395797009e-02  7.62992428793081e-02
 1.01008691754288e-01  7.85222027404689e-02
 1.07386392013653e-01  8.07715402113157e-02
 1.14036906665437e-01  8.30411176244870e-02
 1.20971615466065e-01  8.53193759796041e-02
 1.28201681042425e-01  8.75944055405429e-02
 1.35738861297083e-01  8.98516723128240e-02
 1.43593464126455e-01  9.20799897248797e-02
 1.51772173749968e-01  9.42812849560263e-02
 1.60277471018712e-01  9.64727026405309e-02
 1.69121136889345e-01  9.86379983419567e-02
 1.78313133485082e-01  1.00762435460731e-01
 1.87865445919799e-01  1.02821745972223e-01
 1.97785433721370e-01  1.04810627310105e-01
 2.08076430649528e-01  1.06743883013506e-01
 2.18742518514126e-01  1.08631468707678e-01
 2.29795947722642e-01  1.10437966765746e-01
 2.41248353091447e-01  1.12122597505300e-01
 2.53103511368411e-01  1.13686358341060e-01
 2.65358082285234e-01  1.15192279444272e-01
 2.78022221809687e-01  1.16590322278304e-01
 2.91108209065541e-01  1.17775448468687e-01
 3.04613962880160e-01  1.18803771039933e-01
 3.18534869199173e-01  1.19751131152723e-01
 3.32880580510339e-01  1.20498080521419e-01
 3.47659619624892e-01  1.20797552950176e-01
 3.62862587504613e-01  1.20772684664753e-01
 3.78485611831247e-01  1.20664658715408e-01
 3.94529966747943e-01  1.20500182637961e-01
 4.10992513611969e-01  1.20094256892079e-01
 4.27854075229861e-01  1.19103294663827e-01
 4.45117023818827e-01  1.17817258023215e-01
 4.62786052459665e-01  1.16360871244564e-01
 4.80836051469428e-01  1.14493358041541e-01
 4.99272778988751e-01  1.12356012268974e-01
 5.18084513149278e-01  1.09949104753739e-01
 5.37251170812726e-01  1.07194533320869e-01
 5.56773647360905e-01  1.04181689008222e-01
 5.76629027035842e-01  1.00854089472001e-01
 5.96809350654193e-01  9.72238806150843e-02
 6.17305165787779e-01  9.33176150141473e-02
 6.38094883476976e-01  8.90990503197437e-02
 6.59176976003251e-01  8.46403636310682e-02
 6.80533438554182e-01  7.99346036481034e-02
 7.02150836086154e-01  7.49989680988680e-02
 7.24010226729286e-01  6.98321753222887e-02
 7.46098454744267e-01  6.44598226495973e-02
 7.68407690341082e-01  5.89324361986089e-02
 7.90917954915356e-01  5.32526953833776e-02
 8.13625325195927e-01  4.74900059984517e-02
 8.36507119993179e-01  4.16420880278726e-02
 8.59550797219551e-01  3.57490550652812e-02
 8.82732789170745e-01  2.98106545825604e-02
 9.06048888312601e-01  2.39046878923142e-02
 9.29491169597690e-01  1.80982606002559e-02
 9.52988979036552e-01  1.21579648016190e-02
 9.76500796948964e-01  6.13089280830309e-03
 1.00000000000000e+00  1.61015840588667e-06
