# ----- Rotor performance tables for the WISDEM tuning wind turbine ----- 
# ------------ Written on Nov-11-21 using the ROSCO toolbox ------------ 

# Pitch angle vector, 20 entries - x axis (matrix columns) (deg)
-5.0   -3.158   -1.316   0.5263   2.368   4.211   6.053   7.895   9.737   11.58   13.42   15.26   17.11   18.95   20.79   22.63   24.47   26.32   28.16   30.0   
# TSR vector, 20 entries - y axis (matrix rows) (-)
2.0    2.526    3.053    3.579    4.105    4.632    5.158    5.684    6.211    6.737    7.263    7.789    8.316    8.842    9.368    9.895    10.42    10.95    11.47    12.0    
# Wind speed vector - z axis (m/s)
8.401    

# Power coefficient

0.017459   0.020993   0.024504   0.028022   0.031632   0.035472   0.039626   0.043881   0.048263   0.052953   0.057897   0.062539   0.066039   0.067748   0.067431   0.065265   0.061604   0.056752   0.050984   0.044505   
0.035605   0.041782   0.048304   0.055310   0.062206   0.069170   0.076609   0.084345   0.091267   0.095984   0.097733   0.096407   0.092415   0.086353   0.078708   0.069862   0.060124   0.049773   0.039010   0.027843   
0.064562   0.075500   0.085798   0.096207   0.107294   0.118360   0.127235   0.132156   0.132737   0.129165   0.122190   0.112678   0.101244   0.088368   0.074446   0.059858   0.044798   0.029199   0.012867   -0.004433   
0.106268   0.120652   0.135789   0.151212   0.163870   0.171142   0.172630   0.168663   0.160030   0.147910   0.133157   0.116414   0.098241   0.079102   0.059335   0.038920   0.017589   -0.004987   -0.029120   -0.054129   
0.157500   0.178000   0.196894   0.209948   0.215446   0.214018   0.206300   0.193354   0.176521   0.156738   0.134761   0.111193   0.086525   0.061067   0.034629   0.006813   -0.022861   -0.054717   -0.087242   -0.115217   
0.219322   0.241457   0.255344   0.260149   0.257180   0.247006   0.230677   0.209794   0.185447   0.158430   0.129405   0.098929   0.067344   0.034410   -0.000421   -0.037751   -0.078041   -0.119508   -0.155198   -0.182613   
0.282181   0.298224   0.304135   0.301484   0.290636   0.272392   0.248579   0.220458   0.188877   0.154575   0.118218   0.080275   0.040567   -0.001560   -0.046832   -0.095939   -0.147790   -0.194392   -0.230415   -0.257124   
0.335169   0.344503   0.344515   0.335492   0.317592   0.292577   0.262011   0.226818   0.187856   0.145910   0.101644   0.055103   0.005634   -0.047614   -0.105530   -0.168220   -0.228971   -0.277426   -0.313586   -0.337337   
0.375810   0.381718   0.377848   0.363608   0.340077   0.309147   0.272008   0.229625   0.182932   0.132790   0.079624   0.022991   -0.038033   -0.104477   -0.177263   -0.253448   -0.319369   -0.369220   -0.403521   -0.422928   
0.404919   0.411108   0.405265   0.387377   0.359321   0.322866   0.279170   0.229326   0.174397   0.115234   0.051875   -0.016493   -0.090988   -0.172839   -0.262350   -0.349732   -0.419125   -0.468720   -0.500247   -0.516887   
0.423004   0.433358   0.427691   0.407693   0.375944   0.334228   0.283863   0.226159   0.162343   0.093091   0.018081   -0.063764   -0.153774   -0.253374   -0.360303   -0.456184   -0.527579   -0.576463   -0.605653   -0.621633   
0.430021   0.448502   0.445561   0.425031   0.390330   0.343530   0.286304   0.220256   0.146720   0.066155   -0.022061   -0.119238   -0.226976   -0.346658   -0.470251   -0.572037   -0.645243   -0.694113   -0.721472   -0.738605   
0.428566   0.455861   0.459016   0.439636   0.402697   0.350965   0.286629   0.211653   0.127417   0.034216   -0.068858   -0.183350   -0.311204   -0.452895   -0.590779   -0.697921   -0.773745   -0.822631   -0.848590   -0.868972   
0.421161   0.454807   0.467913   0.451596   0.413197   0.356666   0.284906   0.200312   0.104313   -0.002946   -0.122631   -0.256579   -0.407043   -0.571399   -0.721815   -0.835345   -0.914097   -0.962524   -0.987544   -1.015335   
0.409540   0.447128   0.471856   0.460926   0.421919   0.360705   0.281169   0.186179   0.077272   -0.045557   -0.183723   -0.339436   -0.514718   -0.701422   -0.864942   -0.985194   -1.066792   -1.113912   -1.139948   -1.180037   
0.394090   0.435697   0.470140   0.467552   0.428899   0.363124   0.275416   0.169183   0.046144   -0.093859   -0.252516   -0.432318   -0.633721   -0.844103   -1.020852   -1.147937   -1.231782   -1.277499   -1.308111   -1.364316   
0.374912   0.421360   0.461913   0.471308   0.434141   0.363950   0.267624   0.149241   0.010766   -0.148114   -0.329401   -0.535027   -0.764721   -1.000191   -1.190391   -1.323634   -1.409447   -1.454921   -1.493555   -1.569112   
0.352315   0.404507   0.449679   0.471932   0.437631   0.363192   0.257751   0.126261   -0.029034   -0.208616   -0.414552   -0.647300   -0.909157   -1.170327   -1.373470   -1.512741   -1.600751   -1.647704   -1.697366   -1.795342   
0.326312   0.385223   0.435331   0.469015   0.439327   0.360838   0.245753   0.100137   -0.073456   -0.275643   -0.507624   -0.770311   -1.068157   -1.354670   -1.570203   -1.716280   -1.806550   -1.856793   -1.920710   -2.043998   
0.297350   0.364015   0.419375   0.461989   0.439159   0.356856   0.231571   0.070749   -0.122704   -0.349268   -0.608487   -0.905450   -1.241981   -1.552964   -1.781184   -1.934932   -2.027620   -2.083133   -2.164830   -2.315992   


#  Thrust coefficient

0.071408   0.070850   0.070284   0.069767   0.069419   0.069396   0.069861   0.070962   0.072683   0.074948   0.077572   0.080030   0.081578   0.081598   0.079805   0.076310   0.071415   0.065425   0.058626   0.051236   
0.093705   0.093852   0.094519   0.095941   0.098321   0.101636   0.105780   0.110337   0.114284   0.116406   0.115926   0.112624   0.106802   0.099009   0.089758   0.079469   0.068465   0.057023   0.045341   0.033430   
0.125639   0.128584   0.132906   0.138552   0.145278   0.152084   0.157095   0.158711   0.156398   0.150116   0.140545   0.128573   0.114882   0.100007   0.084355   0.068312   0.052064   0.035556   0.018635   0.001115   
0.171370   0.179133   0.188470   0.198212   0.205641   0.208387   0.205829   0.197931   0.185465   0.169707   0.151589   0.131853   0.111099   0.089806   0.068302   0.046576   0.024412   0.001551   -0.022170   -0.045685   
0.233111   0.246177   0.258003   0.264710   0.264465   0.257375   0.243967   0.225535   0.203563   0.179116   0.153061   0.126056   0.098596   0.070981   0.043057   0.014504   -0.015035   -0.045576   -0.075143   -0.099813   
0.310127   0.323708   0.329626   0.326527   0.315414   0.297028   0.272837   0.244676   0.213788   0.181108   0.147368   0.113138   0.078747   0.043995   0.008449   -0.028325   -0.066351   -0.103201   -0.133836   -0.156495   
0.395052   0.400714   0.395537   0.381272   0.358665   0.329198   0.295085   0.257743   0.218188   0.177279   0.135707   0.093920   0.051761   0.008716   -0.035731   -0.081822   -0.127385   -0.166509   -0.195629   -0.215831   
0.477826   0.471666   0.455280   0.429607   0.395783   0.356223   0.312652   0.266172   0.217823   0.168453   0.118692   0.068571   0.017566   -0.034929   -0.089413   -0.144645   -0.194872   -0.233491   -0.260470   -0.276287   
0.553959   0.536760   0.509538   0.472877   0.428851   0.379635   0.326531   0.270740   0.213325   0.155125   0.096497   0.037069   -0.023834   -0.086871   -0.151927   -0.214837   -0.266787   -0.303933   -0.326938   -0.337042   
0.623398   0.596725   0.559496   0.512797   0.459084   0.400156   0.337344   0.271957   0.205089   0.137487   0.069148   -0.000549   -0.072351   -0.146861   -0.222247   -0.290662   -0.342554   -0.376429   -0.394876   -0.399365   
0.686558   0.652526   0.606361   0.550339   0.487076   0.418290   0.345498   0.270132   0.193329   0.115613   0.036695   -0.044191   -0.127860   -0.214425   -0.299338   -0.371003   -0.420945   -0.451221   -0.465422   -0.463767   
0.744029   0.704708   0.650824   0.586006   0.513216   0.434361   0.351255   0.265478   0.178154   0.089568   -0.000778   -0.093750   -0.190220   -0.289046   -0.382157   -0.454532   -0.502112   -0.529507   -0.539053   -0.530101   
0.798312   0.753202   0.693194   0.620097   0.537748   0.448590   0.354803   0.258141   0.159644   0.059428   -0.043180   -0.149131   -0.259203   -0.370172   -0.469124   -0.541354   -0.587166   -0.611651   -0.615291   -0.598115   
0.851471   0.797873   0.733532   0.652757   0.560846   0.461144   0.356287   0.248212   0.137878   0.025270   -0.090423   -0.210266   -0.334544   -0.456677   -0.559806   -0.632377   -0.676561   -0.697393   -0.693498   -0.668835   
0.904647   0.840277   0.771696   0.684065   0.582643   0.472156   0.355824   0.235772   0.112930   -0.012832   -0.142438   -0.277104   -0.415667   -0.547534   -0.655172   -0.727996   -0.770204   -0.786050   -0.774132   -0.743142   
0.958219   0.882269   0.807322   0.714043   0.603236   0.481733   0.353505   0.220893   0.084865   -0.054810   -0.199193   -0.349436   -0.501435   -0.643505   -0.755369   -0.828090   -0.867520   -0.877502   -0.858204   -0.821075   
1.012426   0.924446   0.839957   0.742667   0.622706   0.489967   0.349399   0.203639   0.053743   -0.100624   -0.260661   -0.426500   -0.591985   -0.744908   -0.860632   -0.932165   -0.968382   -0.972390   -0.945999   -0.902588   
1.067449   0.967079   0.871229   0.769856   0.641113   0.496936   0.343568   0.184068   0.019609   -0.150258   -0.326608   -0.507531   -0.688162   -0.851890   -0.970312   -1.040157   -1.073161   -1.071167   -1.037434   -0.987719   
1.123403   1.010280   0.902376   0.795444   0.658503   0.502700   0.336066   0.162226   -0.017515   -0.203683   -0.396320   -0.593103   -0.790603   -0.964061   -1.084017   -1.152510   -1.182026   -1.173823   -1.132559   -1.076585   
1.180406   1.054172   0.933692   0.819159   0.674901   0.507308   0.326940   0.138147   -0.057616   -0.260669   -0.469338   -0.683991   -0.899029   -1.080688   -1.201841   -1.269343   -1.295011   -1.280404   -1.231547   -1.169217   


# Torque coefficient

0.008747   0.010517   0.012276   0.014039   0.015847   0.017771   0.019852   0.021984   0.024179   0.026529   0.029005   0.031331   0.033084   0.033941   0.033782   0.032697   0.030863   0.028432   0.025542   0.022296   
0.014122   0.016571   0.019158   0.021937   0.024672   0.027434   0.030384   0.033453   0.036198   0.038068   0.038762   0.038236   0.036653   0.034249   0.031217   0.027708   0.023846   0.019741   0.015472   0.011043   
0.021191   0.024781   0.028162   0.031578   0.035217   0.038850   0.041762   0.043378   0.043569   0.042396   0.040107   0.036984   0.033232   0.029005   0.024436   0.019647   0.014704   0.009584   0.004223   -0.001455   
0.029751   0.033778   0.038016   0.042334   0.045878   0.047913   0.048330   0.047219   0.044802   0.041409   0.037279   0.032591   0.027504   0.022145   0.016611   0.010896   0.004924   -0.001396   -0.008153   -0.015154   
0.038441   0.043444   0.048056   0.051242   0.052584   0.052235   0.050352   0.047192   0.043084   0.038255   0.032891   0.027139   0.021118   0.014905   0.008452   0.001663   -0.005580   -0.013355   -0.021293   -0.028121   
0.047447   0.052235   0.055240   0.056279   0.055637   0.053436   0.049904   0.045386   0.040119   0.034274   0.027995   0.021402   0.014569   0.007444   -0.000091   -0.008167   -0.016883   -0.025854   -0.033575   -0.039506   
0.054816   0.057933   0.059081   0.058566   0.056459   0.052915   0.048289   0.042826   0.036691   0.030028   0.022965   0.015594   0.007880   -0.000303   -0.009097   -0.018637   -0.028710   -0.037762   -0.044760   -0.049949   
0.059081   0.060726   0.060729   0.059138   0.055983   0.051573   0.046185   0.039982   0.033114   0.025720   0.017917   0.009713   0.000993   -0.008393   -0.018602   -0.029653   -0.040361   -0.048903   -0.055277   -0.059463   
0.060631   0.061584   0.060960   0.058662   0.054866   0.049876   0.043884   0.037046   0.029513   0.021424   0.012846   0.003709   -0.006136   -0.016856   -0.028599   -0.040890   -0.051525   -0.059568   -0.065102   -0.068233   
0.060224   0.061144   0.060275   0.057615   0.053442   0.048020   0.041521   0.034108   0.025938   0.017139   0.007715   -0.002453   -0.013533   -0.025706   -0.039019   -0.052016   -0.062336   -0.069713   -0.074402   -0.076877   
0.058354   0.059783   0.059001   0.056242   0.051862   0.046108   0.039160   0.031199   0.022396   0.012842   0.002494   -0.008796   -0.021213   -0.034954   -0.049705   -0.062932   -0.072781   -0.079524   -0.083551   -0.085756   
0.055314   0.057691   0.057313   0.054672   0.050209   0.044189   0.036828   0.028332   0.018873   0.008510   -0.002838   -0.015338   -0.029196   -0.044591   -0.060489   -0.073582   -0.082999   -0.089285   -0.092804   -0.095008   
0.051638   0.054927   0.055307   0.052972   0.048521   0.042288   0.034536   0.025502   0.015352   0.004123   -0.008297   -0.022092   -0.037497   -0.054569   -0.071183   -0.084093   -0.093229   -0.099119   -0.102247   -0.104703   
0.047725   0.051538   0.053023   0.051174   0.046823   0.040417   0.032285   0.022699   0.011821   -0.000334   -0.013896   -0.029075   -0.046125   -0.064750   -0.081795   -0.094660   -0.103584   -0.109071   -0.111907   -0.115056   
0.043801   0.047821   0.050466   0.049297   0.045125   0.038578   0.030072   0.019912   0.008264   -0.004872   -0.019650   -0.036303   -0.055050   -0.075018   -0.092507   -0.105368   -0.114095   -0.119135   -0.121920   -0.126207   
0.039907   0.044120   0.047608   0.047346   0.043432   0.036771   0.027889   0.017132   0.004673   -0.009504   -0.025571   -0.043778   -0.064173   -0.085476   -0.103375   -0.116243   -0.124734   -0.129363   -0.132463   -0.138155   
0.036047   0.040513   0.044412   0.045316   0.041742   0.034993   0.025732   0.014349   0.001035   -0.014241   -0.031671   -0.051442   -0.073527   -0.096167   -0.114455   -0.127266   -0.135516   -0.139889   -0.143603   -0.150868   
0.032246   0.037023   0.041157   0.043194   0.040055   0.033242   0.023591   0.011556   -0.002657   -0.019094   -0.037942   -0.059245   -0.083212   -0.107116   -0.125708   -0.138455   -0.146511   -0.150808   -0.155353   -0.164321   
0.028496   0.033641   0.038016   0.040958   0.038365   0.031511   0.021461   0.008745   -0.006415   -0.024071   -0.044330   -0.067270   -0.093280   -0.118300   -0.137122   -0.149879   -0.157762   -0.162150   -0.167731   -0.178498   
0.024828   0.030394   0.035017   0.038575   0.036669   0.029797   0.019336   0.005907   -0.010245   -0.029163   -0.050807   -0.075603   -0.103702   -0.129669   -0.148725   -0.161562   -0.169301   -0.173936   -0.180758   -0.193380   

