 ------- BEAMDYN V1.00.* INDIVIDUAL BLADE INPUT FILE --------------------------
 Test Format 1
 ---------------------- BLADE PARAMETERS --------------------------------------
30   station_total    - Number of blade input stations (-)
 1   damp_type        - Damping type: 0: no damping; 1: damped
  ---------------------- DAMPING COEFFICIENT------------------------------------
   mu1        mu2        mu3        mu4        mu5        mu6
   (-)        (-)        (-)        (-)        (-)        (-)
	 3.03960e-03 	 2.02640e-03 	 2.02640e-03 	 2.02640e-03 	 3.03960e-03 	 2.02640e-03
 ---------------------- DISTRIBUTED PROPERTIES---------------------------------
	 0.000000 
	 4.7038558034667721e+09 	 -9.9405692611927498e+02 	 0.0000000000000000e+00 	 0.0000000000000000e+00 	 0.0000000000000000e+00 	 -2.7521370691088232e+03
	 -9.9405669662428841e+02 	 4.7038631084519548e+09 	 0.0000000000000000e+00 	 0.0000000000000000e+00 	 0.0000000000000000e+00 	 -9.8224611677812209e+03
	 0.0000000000000000e+00 	 0.0000000000000000e+00 	 3.2143151015734383e+10 	 1.8715688200167442e+04 	 6.7114757831188210e+04 	 0.0000000000000000e+00
	 0.0000000000000000e+00 	 0.0000000000000000e+00 	 1.8715687641451710e+04 	 7.8381160520088028e+10 	 1.6585945182051521e+04 	 0.0000000000000000e+00
	 0.0000000000000000e+00 	 0.0000000000000000e+00 	 6.7114758170100453e+04 	 1.6585944532588517e+04 	 7.8381038192289917e+10 	 0.0000000000000000e+00
	 -2.7521370707244891e+03 	 -9.8224611689949998e+03 	 0.0000000000000000e+00 	 0.0000000000000000e+00 	 0.0000000000000000e+00 	 4.5851309159352142e+10

	 2.2243204937024666e+03 	 0.0000000000000000e+00 	 0.0000000000000000e+00 	 0.0000000000000000e+00 	 0.0000000000000000e+00 	 -1.2954237554482911e-03
	 0.0000000000000000e+00 	 2.2243204937024666e+03 	 0.0000000000000000e+00 	 0.0000000000000000e+00 	 0.0000000000000000e+00 	 -4.6444047434605600e-03
	 0.0000000000000000e+00 	 0.0000000000000000e+00 	 2.2243204937024666e+03 	 1.2954237554482911e-03 	 4.6444047434605600e-03 	 0.0000000000000000e+00
	 0.0000000000000000e+00 	 0.0000000000000000e+00 	 1.2954237554482911e-03 	 5.4252717982526519e+03 	 1.1478138811155027e-03 	 0.0000000000000000e+00
	 0.0000000000000000e+00 	 0.0000000000000000e+00 	 4.6444047434605600e-03 	 1.1478138811155027e-03 	 5.4252633344195347e+03 	 0.0000000000000000e+00
	 -1.2954237554482911e-03 	 -4.6444047434605600e-03 	 0.0000000000000000e+00 	 0.0000000000000000e+00 	 0.0000000000000000e+00 	 1.0850535132672159e+04

	 0.034483 
	 3.5741494771212802e+09 	 3.5795719090798441e+06 	 0.0000000000000000e+00 	 0.0000000000000000e+00 	 0.0000000000000000e+00 	 5.8907297518403240e+07
	 3.5795719093736345e+06 	 3.8274435917037644e+09 	 0.0000000000000000e+00 	 0.0000000000000000e+00 	 0.0000000000000000e+00 	 2.1169051499291923e+07
	 0.0000000000000000e+00 	 0.0000000000000000e+00 	 2.5527945758569195e+10 	 -3.6782176386205399e+08 	 -8.3897767827113613e+07 	 0.0000000000000000e+00
	 0.0000000000000000e+00 	 0.0000000000000000e+00 	 -3.6782176386140829e+08 	 6.1255545226600807e+10 	 -3.0155176406576794e+08 	 0.0000000000000000e+00
	 0.0000000000000000e+00 	 0.0000000000000000e+00 	 -8.3897767827124774e+07 	 -3.0155176406593442e+08 	 5.7859235046257187e+10 	 0.0000000000000000e+00
	 5.8907297518420376e+07 	 2.1169051499315493e+07 	 0.0000000000000000e+00 	 0.0000000000000000e+00 	 0.0000000000000000e+00 	 3.4489163072912170e+10

	 1.7573384908351698e+03 	 0.0000000000000000e+00 	 0.0000000000000000e+00 	 0.0000000000000000e+00 	 0.0000000000000000e+00 	 2.5256357715789768e+01
	 0.0000000000000000e+00 	 1.7573384908351698e+03 	 0.0000000000000000e+00 	 0.0000000000000000e+00 	 0.0000000000000000e+00 	 5.9768048947654826e+00
	 0.0000000000000000e+00 	 0.0000000000000000e+00 	 1.7573384908351698e+03 	 -2.5256357715789768e+01 	 -5.9768048947654826e+00 	 0.0000000000000000e+00
	 0.0000000000000000e+00 	 0.0000000000000000e+00 	 -2.5256357715789768e+01 	 4.2401413290379714e+03 	 -4.7644618576151769e+00 	 0.0000000000000000e+00
	 0.0000000000000000e+00 	 0.0000000000000000e+00 	 -5.9768048947654826e+00 	 -4.7644618576151769e+00 	 3.9635105749313143e+03 	 0.0000000000000000e+00
	 2.5256357715789768e+01 	 5.9768048947654826e+00 	 0.0000000000000000e+00 	 0.0000000000000000e+00 	 0.0000000000000000e+00 	 8.2036519039692866e+03

	 0.068966 
	 2.4754286922513103e+09 	 9.7769444056386836e+06 	 0.0000000000000000e+00 	 0.0000000000000000e+00 	 0.0000000000000000e+00 	 4.5182085231723189e+07
	 9.7769444053694122e+06 	 3.1361613405601516e+09 	 0.0000000000000000e+00 	 0.0000000000000000e+00 	 0.0000000000000000e+00 	 4.1541460474462502e+07
	 0.0000000000000000e+00 	 0.0000000000000000e+00 	 2.0594225649875408e+10 	 1.6951964319910889e+09 	 -2.2263412983147746e+08 	 0.0000000000000000e+00
	 0.0000000000000000e+00 	 0.0000000000000000e+00 	 1.6951964319906120e+09 	 5.0812314689103920e+10 	 -5.9793939830312800e+08 	 0.0000000000000000e+00
	 0.0000000000000000e+00 	 0.0000000000000000e+00 	 -2.2263412983212200e+08 	 -5.9793939830313754e+08 	 3.6023525554760605e+10 	 0.0000000000000000e+00
	 4.5182085231676482e+07 	 4.1541460474476650e+07 	 0.0000000000000000e+00 	 0.0000000000000000e+00 	 0.0000000000000000e+00 	 2.2968975360426640e+10

	 1.4003570564814850e+03 	 0.0000000000000000e+00 	 0.0000000000000000e+00 	 0.0000000000000000e+00 	 0.0000000000000000e+00 	 -6.6817232510723613e+01
	 0.0000000000000000e+00 	 1.4003570564814850e+03 	 0.0000000000000000e+00 	 0.0000000000000000e+00 	 0.0000000000000000e+00 	 5.5179480292129268e+00
	 0.0000000000000000e+00 	 0.0000000000000000e+00 	 1.4003570564814850e+03 	 6.6817232510723613e+01 	 -5.5179480292129268e+00 	 0.0000000000000000e+00
	 0.0000000000000000e+00 	 0.0000000000000000e+00 	 6.6817232510723613e+01 	 3.4170691284929208e+03 	 -7.7868268418527355e+00 	 0.0000000000000000e+00
	 0.0000000000000000e+00 	 0.0000000000000000e+00 	 -5.5179480292129268e+00 	 -7.7868268418527355e+00 	 2.4713202577815614e+03 	 0.0000000000000000e+00
	 -6.6817232510723613e+01 	 5.5179480292129268e+00 	 0.0000000000000000e+00 	 0.0000000000000000e+00 	 0.0000000000000000e+00 	 5.8883893862744771e+03

	 0.103448 
	 1.9942878667379913e+09 	 1.3073849595349301e+08 	 0.0000000000000000e+00 	 0.0000000000000000e+00 	 0.0000000000000000e+00 	 3.8326036935448140e+08
	 1.3073849595316227e+08 	 2.5937037881745133e+09 	 0.0000000000000000e+00 	 0.0000000000000000e+00 	 0.0000000000000000e+00 	 1.4182301340887409e+08
	 0.0000000000000000e+00 	 0.0000000000000000e+00 	 1.6513288480994967e+10 	 1.6181535928212183e+09 	 -3.9370417804778123e+08 	 0.0000000000000000e+00
	 0.0000000000000000e+00 	 0.0000000000000000e+00 	 1.6181535928202212e+09 	 4.1176837117262009e+10 	 -7.3309891827230704e+08 	 0.0000000000000000e+00
	 0.0000000000000000e+00 	 0.0000000000000000e+00 	 -3.9370417804757571e+08 	 -7.3309891827219868e+08 	 2.2618910291750813e+10 	 0.0000000000000000e+00
	 3.8326036935457873e+08 	 1.4182301340910146e+08 	 0.0000000000000000e+00 	 0.0000000000000000e+00 	 0.0000000000000000e+00 	 1.5063752869933397e+10

	 1.2046372254245509e+03 	 0.0000000000000000e+00 	 0.0000000000000000e+00 	 0.0000000000000000e+00 	 0.0000000000000000e+00 	 -1.5785173893230121e+01
	 0.0000000000000000e+00 	 1.2046372254245509e+03 	 0.0000000000000000e+00 	 0.0000000000000000e+00 	 0.0000000000000000e+00 	 1.8794644535874692e+01
	 0.0000000000000000e+00 	 0.0000000000000000e+00 	 1.2046372254245509e+03 	 1.5785173893230121e+01 	 -1.8794644535874692e+01 	 0.0000000000000000e+00
	 0.0000000000000000e+00 	 0.0000000000000000e+00 	 1.5785173893230121e+01 	 2.7779334610773863e+03 	 -3.6080904951758050e+01 	 0.0000000000000000e+00
	 0.0000000000000000e+00 	 0.0000000000000000e+00 	 -1.8794644535874692e+01 	 -3.6080904951758050e+01 	 1.6130100730779716e+03 	 0.0000000000000000e+00
	 -1.5785173893230121e+01 	 1.8794644535874692e+01 	 0.0000000000000000e+00 	 0.0000000000000000e+00 	 0.0000000000000000e+00 	 4.3909435341553672e+03

	 0.137931 
	 1.3098456391291733e+09 	 1.0635650771445498e+08 	 0.0000000000000000e+00 	 0.0000000000000000e+00 	 0.0000000000000000e+00 	 4.8743316953384143e+08
	 1.0635650771468146e+08 	 2.0396867283456283e+09 	 0.0000000000000000e+00 	 0.0000000000000000e+00 	 0.0000000000000000e+00 	 1.3461932075047141e+08
	 0.0000000000000000e+00 	 0.0000000000000000e+00 	 1.3813673041878395e+10 	 8.4115117151374257e+08 	 -4.0496833315219611e+08 	 0.0000000000000000e+00
	 0.0000000000000000e+00 	 0.0000000000000000e+00 	 8.4115117151368237e+08 	 3.2271494740200272e+10 	 -1.1511086288977959e+09 	 0.0000000000000000e+00
	 0.0000000000000000e+00 	 0.0000000000000000e+00 	 -4.0496833315226763e+08 	 -1.1511086288974802e+09 	 1.4688253921912668e+10 	 0.0000000000000000e+00
	 4.8743316953380787e+08 	 1.3461932075034252e+08 	 0.0000000000000000e+00 	 0.0000000000000000e+00 	 0.0000000000000000e+00 	 8.7125319566225300e+09

	 9.3611482027762270e+02 	 0.0000000000000000e+00 	 0.0000000000000000e+00 	 0.0000000000000000e+00 	 0.0000000000000000e+00 	 -1.8227184496109711e+01
	 0.0000000000000000e+00 	 9.3611482027762270e+02 	 0.0000000000000000e+00 	 0.0000000000000000e+00 	 0.0000000000000000e+00 	 1.4024376184730761e+01
	 0.0000000000000000e+00 	 0.0000000000000000e+00 	 9.3611482027762270e+02 	 1.8227184496109711e+01 	 -1.4024376184730761e+01 	 0.0000000000000000e+00
	 0.0000000000000000e+00 	 0.0000000000000000e+00 	 1.8227184496109711e+01 	 2.0958475517142510e+03 	 -3.7365697063223777e+01 	 0.0000000000000000e+00
	 0.0000000000000000e+00 	 0.0000000000000000e+00 	 -1.4024376184730761e+01 	 -3.7365697063223777e+01 	 9.0981995372010954e+02 	 0.0000000000000000e+00
	 -1.8227184496109711e+01 	 1.4024376184730761e+01 	 0.0000000000000000e+00 	 0.0000000000000000e+00 	 0.0000000000000000e+00 	 3.0056675054343527e+03

	 0.172414 
	 8.5049174569938254e+08 	 8.0646486048587576e+07 	 0.0000000000000000e+00 	 0.0000000000000000e+00 	 0.0000000000000000e+00 	 5.3090141214614683e+08
	 8.0646486049017578e+07 	 1.6351808035707614e+09 	 0.0000000000000000e+00 	 0.0000000000000000e+00 	 0.0000000000000000e+00 	 1.2240226836643037e+08
	 0.0000000000000000e+00 	 0.0000000000000000e+00 	 1.4160990683555651e+10 	 -1.3136501508800974e+09 	 -3.7152486143737793e+08 	 0.0000000000000000e+00
	 0.0000000000000000e+00 	 0.0000000000000000e+00 	 -1.3136501508801076e+09 	 2.7421051448005585e+10 	 -1.5954027210370839e+09 	 0.0000000000000000e+00
	 0.0000000000000000e+00 	 0.0000000000000000e+00 	 -3.7152486143728089e+08 	 -1.5954027210369506e+09 	 1.2378292353157589e+10 	 0.0000000000000000e+00
	 5.3090141214626873e+08 	 1.2240226836618103e+08 	 0.0000000000000000e+00 	 0.0000000000000000e+00 	 0.0000000000000000e+00 	 4.9256559323679647e+09

	 7.7155739990566803e+02 	 0.0000000000000000e+00 	 0.0000000000000000e+00 	 0.0000000000000000e+00 	 0.0000000000000000e+00 	 -6.3499134906885519e+00
	 0.0000000000000000e+00 	 7.7155739990566803e+02 	 0.0000000000000000e+00 	 0.0000000000000000e+00 	 0.0000000000000000e+00 	 1.2705057589840516e+01
	 0.0000000000000000e+00 	 0.0000000000000000e+00 	 7.7155739990566803e+02 	 6.3499134906885519e+00 	 -1.2705057589840516e+01 	 0.0000000000000000e+00
	 0.0000000000000000e+00 	 0.0000000000000000e+00 	 6.3499134906885519e+00 	 1.6450073770440215e+03 	 -4.0227816673358987e+01 	 0.0000000000000000e+00
	 0.0000000000000000e+00 	 0.0000000000000000e+00 	 -1.2705057589840516e+01 	 -4.0227816673358987e+01 	 5.2238489934516463e+02 	 0.0000000000000000e+00
	 -6.3499134906885519e+00 	 1.2705057589840516e+01 	 0.0000000000000000e+00 	 0.0000000000000000e+00 	 0.0000000000000000e+00 	 2.1673922763891928e+03

	 0.206897 
	 6.2616538891466403e+08 	 5.1909066075399451e+07 	 0.0000000000000000e+00 	 0.0000000000000000e+00 	 0.0000000000000000e+00 	 4.3823022601699948e+08
	 5.1909066076164067e+07 	 1.2928252791072834e+09 	 0.0000000000000000e+00 	 0.0000000000000000e+00 	 0.0000000000000000e+00 	 9.5404237389195979e+07
	 0.0000000000000000e+00 	 0.0000000000000000e+00 	 1.3902443924569113e+10 	 -1.7137693063860106e+09 	 -3.0473848834867287e+08 	 0.0000000000000000e+00
	 0.0000000000000000e+00 	 0.0000000000000000e+00 	 -1.7137693063823192e+09 	 2.4453167836208981e+10 	 -1.2609103496759536e+09 	 0.0000000000000000e+00
	 0.0000000000000000e+00 	 0.0000000000000000e+00 	 -3.0473848835367620e+08 	 -1.2609103496866074e+09 	 1.0430978417077717e+10 	 0.0000000000000000e+00
	 4.3823022601692116e+08 	 9.5404237388187423e+07 	 0.0000000000000000e+00 	 0.0000000000000000e+00 	 0.0000000000000000e+00 	 3.1836216848502741e+09

	 6.6060273495507226e+02 	 0.0000000000000000e+00 	 0.0000000000000000e+00 	 0.0000000000000000e+00 	 0.0000000000000000e+00 	 -3.1321965774937979e+01
	 0.0000000000000000e+00 	 6.6060273495507226e+02 	 0.0000000000000000e+00 	 0.0000000000000000e+00 	 0.0000000000000000e+00 	 1.1788552560164433e+01
	 0.0000000000000000e+00 	 0.0000000000000000e+00 	 6.6060273495507226e+02 	 3.1321965774937979e+01 	 -1.1788552560164433e+01 	 0.0000000000000000e+00
	 0.0000000000000000e+00 	 0.0000000000000000e+00 	 3.1321965774937979e+01 	 1.3901347432622993e+03 	 -3.3949721347564093e+01 	 0.0000000000000000e+00
	 0.0000000000000000e+00 	 0.0000000000000000e+00 	 -1.1788552560164433e+01 	 -3.3949721347564093e+01 	 3.5271917399711043e+02 	 0.0000000000000000e+00
	 -3.1321965774937979e+01 	 1.1788552560164433e+01 	 0.0000000000000000e+00 	 0.0000000000000000e+00 	 0.0000000000000000e+00 	 1.7428539172594074e+03

	 0.241379 
	 4.8118604677226609e+08 	 3.0277007193255764e+07 	 0.0000000000000000e+00 	 0.0000000000000000e+00 	 0.0000000000000000e+00 	 3.5297523646226239e+08
	 3.0277007193202764e+07 	 1.0254203784509181e+09 	 0.0000000000000000e+00 	 0.0000000000000000e+00 	 0.0000000000000000e+00 	 7.3791440744239241e+07
	 0.0000000000000000e+00 	 0.0000000000000000e+00 	 1.3701384880725420e+10 	 -1.9728943285232949e+09 	 -2.8909542968982106e+08 	 0.0000000000000000e+00
	 0.0000000000000000e+00 	 0.0000000000000000e+00 	 -1.9728943285233808e+09 	 2.1991897862969284e+10 	 -8.2094622404242802e+08 	 0.0000000000000000e+00
	 0.0000000000000000e+00 	 0.0000000000000000e+00 	 -2.8909542969017822e+08 	 -8.2094622404261911e+08 	 8.9342159721566830e+09 	 0.0000000000000000e+00
	 3.5297523646226525e+08 	 7.3791440744222730e+07 	 0.0000000000000000e+00 	 0.0000000000000000e+00 	 0.0000000000000000e+00 	 2.1427978077651803e+09

	 5.7733292114772814e+02 	 0.0000000000000000e+00 	 0.0000000000000000e+00 	 0.0000000000000000e+00 	 0.0000000000000000e+00 	 -4.6424637885275175e+01
	 0.0000000000000000e+00 	 5.7733292114772814e+02 	 0.0000000000000000e+00 	 0.0000000000000000e+00 	 0.0000000000000000e+00 	 1.2173481059637886e+01
	 0.0000000000000000e+00 	 0.0000000000000000e+00 	 5.7733292114772814e+02 	 4.6424637885275175e+01 	 -1.2173481059637886e+01 	 0.0000000000000000e+00
	 0.0000000000000000e+00 	 0.0000000000000000e+00 	 4.6424637885275175e+01 	 1.1977162164253657e+03 	 -2.6967681850251392e+01 	 0.0000000000000000e+00
	 0.0000000000000000e+00 	 0.0000000000000000e+00 	 -1.2173481059637886e+01 	 -2.6967681850251392e+01 	 2.5292103090536042e+02 	 0.0000000000000000e+00
	 -4.6424637885275175e+01 	 1.2173481059637886e+01 	 0.0000000000000000e+00 	 0.0000000000000000e+00 	 0.0000000000000000e+00 	 1.4506372473307329e+03

	 0.275862 
	 3.7330963223008561e+08 	 1.6656771438445490e+07 	 0.0000000000000000e+00 	 0.0000000000000000e+00 	 0.0000000000000000e+00 	 2.8164392932924569e+08
	 1.6656771438212646e+07 	 8.1999264427448356e+08 	 0.0000000000000000e+00 	 0.0000000000000000e+00 	 0.0000000000000000e+00 	 5.8877016097540073e+07
	 0.0000000000000000e+00 	 0.0000000000000000e+00 	 1.3287361595929398e+10 	 -1.8939545220322363e+09 	 -2.7391435743771183e+08 	 0.0000000000000000e+00
	 0.0000000000000000e+00 	 0.0000000000000000e+00 	 -1.8939545220323589e+09 	 1.9964245411154701e+10 	 -5.4335904035490835e+08 	 0.0000000000000000e+00
	 0.0000000000000000e+00 	 0.0000000000000000e+00 	 -2.7391435743763596e+08 	 -5.4335904035509622e+08 	 7.1824374217083054e+09 	 0.0000000000000000e+00
	 2.8164392932926375e+08 	 5.8877016097796403e+07 	 0.0000000000000000e+00 	 0.0000000000000000e+00 	 0.0000000000000000e+00 	 1.4283209670133202e+09

	 5.1107739605480043e+02 	 0.0000000000000000e+00 	 0.0000000000000000e+00 	 0.0000000000000000e+00 	 0.0000000000000000e+00 	 -6.0910559750423779e+01
	 0.0000000000000000e+00 	 5.1107739605480043e+02 	 0.0000000000000000e+00 	 0.0000000000000000e+00 	 0.0000000000000000e+00 	 1.2615348153680916e+01
	 0.0000000000000000e+00 	 0.0000000000000000e+00 	 5.1107739605480043e+02 	 6.0910559750423779e+01 	 -1.2615348153680916e+01 	 0.0000000000000000e+00
	 0.0000000000000000e+00 	 0.0000000000000000e+00 	 6.0910559750423779e+01 	 1.0536516898434475e+03 	 -2.3294682246331387e+01 	 0.0000000000000000e+00
	 0.0000000000000000e+00 	 0.0000000000000000e+00 	 -1.2615348153680916e+01 	 -2.3294682246331387e+01 	 1.7874233639111753e+02 	 0.0000000000000000e+00
	 -6.0910559750423779e+01 	 1.2615348153680916e+01 	 0.0000000000000000e+00 	 0.0000000000000000e+00 	 0.0000000000000000e+00 	 1.2323940262345591e+03

	 0.310345 
	 3.0905090329426092e+08 	 1.1917603386355774e+07 	 0.0000000000000000e+00 	 0.0000000000000000e+00 	 0.0000000000000000e+00 	 2.2948823655058482e+08
	 1.1917603386230599e+07 	 6.7679966825916123e+08 	 0.0000000000000000e+00 	 0.0000000000000000e+00 	 0.0000000000000000e+00 	 5.0613508987120688e+07
	 0.0000000000000000e+00 	 0.0000000000000000e+00 	 1.2651610106653723e+10 	 -1.5208918004116347e+09 	 -2.7498999725462663e+08 	 0.0000000000000000e+00
	 0.0000000000000000e+00 	 0.0000000000000000e+00 	 -1.5208918004111278e+09 	 1.8407064188918888e+10 	 -4.3862160900794733e+08 	 0.0000000000000000e+00
	 0.0000000000000000e+00 	 0.0000000000000000e+00 	 -2.7498999725427407e+08 	 -4.3862160900768054e+08 	 5.8412355235016098e+09 	 0.0000000000000000e+00
	 2.2948823655055195e+08 	 5.0613508987223096e+07 	 0.0000000000000000e+00 	 0.0000000000000000e+00 	 0.0000000000000000e+00 	 1.0303271212885087e+09

	 4.6290060783861281e+02 	 0.0000000000000000e+00 	 0.0000000000000000e+00 	 0.0000000000000000e+00 	 0.0000000000000000e+00 	 -7.4049495582690454e+01
	 0.0000000000000000e+00 	 4.6290060783861281e+02 	 0.0000000000000000e+00 	 0.0000000000000000e+00 	 0.0000000000000000e+00 	 1.2361123572917931e+01
	 0.0000000000000000e+00 	 0.0000000000000000e+00 	 4.6290060783861281e+02 	 7.4049495582690454e+01 	 -1.2361123572917931e+01 	 0.0000000000000000e+00
	 0.0000000000000000e+00 	 0.0000000000000000e+00 	 7.4049495582690454e+01 	 9.5776099268122164e+02 	 -2.1695133409711978e+01 	 0.0000000000000000e+00
	 0.0000000000000000e+00 	 0.0000000000000000e+00 	 -1.2361123572917931e+01 	 -2.1695133409711978e+01 	 1.3541697843626696e+02 	 0.0000000000000000e+00
	 -7.4049495582690454e+01 	 1.2361123572917931e+01 	 0.0000000000000000e+00 	 0.0000000000000000e+00 	 0.0000000000000000e+00 	 1.0931779711174897e+03

	 0.344828 
	 2.8021872598058599e+08 	 9.6935261661308687e+06 	 0.0000000000000000e+00 	 0.0000000000000000e+00 	 0.0000000000000000e+00 	 2.0103771789504755e+08
	 9.6935261663002595e+06 	 5.9406592038793600e+08 	 0.0000000000000000e+00 	 0.0000000000000000e+00 	 0.0000000000000000e+00 	 4.2841945753949061e+07
	 0.0000000000000000e+00 	 0.0000000000000000e+00 	 1.1843157299703856e+10 	 -1.1600303071515112e+09 	 -2.2519754001783600e+08 	 0.0000000000000000e+00
	 0.0000000000000000e+00 	 0.0000000000000000e+00 	 -1.1600303071513102e+09 	 1.7002842542845922e+10 	 -3.8677689269509709e+08 	 0.0000000000000000e+00
	 0.0000000000000000e+00 	 0.0000000000000000e+00 	 -2.2519754001750466e+08 	 -3.8677689269502896e+08 	 5.1238254620814896e+09 	 0.0000000000000000e+00
	 2.0103771789504436e+08 	 4.2841945753849111e+07 	 0.0000000000000000e+00 	 0.0000000000000000e+00 	 0.0000000000000000e+00 	 8.5914065693636310e+08

	 4.2660568110136478e+02 	 0.0000000000000000e+00 	 0.0000000000000000e+00 	 0.0000000000000000e+00 	 0.0000000000000000e+00 	 -7.1749145707924171e+01
	 0.0000000000000000e+00 	 4.2660568110136478e+02 	 0.0000000000000000e+00 	 0.0000000000000000e+00 	 0.0000000000000000e+00 	 1.0078760802775063e+01
	 0.0000000000000000e+00 	 0.0000000000000000e+00 	 4.2660568110136478e+02 	 7.1749145707924171e+01 	 -1.0078760802775063e+01 	 0.0000000000000000e+00
	 0.0000000000000000e+00 	 0.0000000000000000e+00 	 7.1749145707924171e+01 	 8.7601759571476509e+02 	 -1.9801161858038888e+01 	 0.0000000000000000e+00
	 0.0000000000000000e+00 	 0.0000000000000000e+00 	 -1.0078760802775063e+01 	 -1.9801161858038888e+01 	 1.1671924184602310e+02 	 0.0000000000000000e+00
	 -7.1749145707924171e+01 	 1.0078760802775063e+01 	 0.0000000000000000e+00 	 0.0000000000000000e+00 	 0.0000000000000000e+00 	 9.9273683756078799e+02

	 0.379310 
	 2.5769825168272829e+08 	 8.3752422335908487e+06 	 0.0000000000000000e+00 	 0.0000000000000000e+00 	 0.0000000000000000e+00 	 1.7586331227430701e+08
	 8.3752422336136857e+06 	 5.4860169602962959e+08 	 0.0000000000000000e+00 	 0.0000000000000000e+00 	 0.0000000000000000e+00 	 3.7864456176873095e+07
	 0.0000000000000000e+00 	 0.0000000000000000e+00 	 1.1130044727277746e+10 	 -5.5802766787366521e+08 	 -1.9831866590625951e+08 	 0.0000000000000000e+00
	 0.0000000000000000e+00 	 0.0000000000000000e+00 	 -5.5802766787391341e+08 	 1.6036037858474821e+10 	 -3.5617953984786063e+08 	 0.0000000000000000e+00
	 0.0000000000000000e+00 	 0.0000000000000000e+00 	 -1.9831866590689078e+08 	 -3.5617953984818411e+08 	 4.3760139229832277e+09 	 0.0000000000000000e+00
	 1.7586331227432606e+08 	 3.7864456177008413e+07 	 0.0000000000000000e+00 	 0.0000000000000000e+00 	 0.0000000000000000e+00 	 7.3006193648189306e+08

	 4.0386413587948249e+02 	 0.0000000000000000e+00 	 0.0000000000000000e+00 	 0.0000000000000000e+00 	 0.0000000000000000e+00 	 -8.7629545036145132e+01
	 0.0000000000000000e+00 	 4.0386413587948249e+02 	 0.0000000000000000e+00 	 0.0000000000000000e+00 	 0.0000000000000000e+00 	 8.9199251446230665e+00
	 0.0000000000000000e+00 	 0.0000000000000000e+00 	 4.0386413587948249e+02 	 8.7629545036145132e+01 	 -8.9199251446230665e+00 	 0.0000000000000000e+00
	 0.0000000000000000e+00 	 0.0000000000000000e+00 	 8.7629545036145132e+01 	 8.3127310636050481e+02 	 -1.9131735929701428e+01 	 0.0000000000000000e+00
	 0.0000000000000000e+00 	 0.0000000000000000e+00 	 -8.9199251446230665e+00 	 -1.9131735929701428e+01 	 9.9812262045362417e+01 	 0.0000000000000000e+00
	 -8.7629545036145132e+01 	 8.9199251446230665e+00 	 0.0000000000000000e+00 	 0.0000000000000000e+00 	 0.0000000000000000e+00 	 9.3108536840586714e+02

	 0.413793 
	 2.3828924962659547e+08 	 7.0589784297083868e+06 	 0.0000000000000000e+00 	 0.0000000000000000e+00 	 0.0000000000000000e+00 	 1.5541967989957103e+08
	 7.0589784296606751e+06 	 5.3114680634042931e+08 	 0.0000000000000000e+00 	 0.0000000000000000e+00 	 0.0000000000000000e+00 	 3.4887986371427119e+07
	 0.0000000000000000e+00 	 0.0000000000000000e+00 	 1.0370349281812969e+10 	 1.0668302406826230e+07 	 -1.6284724333375967e+08 	 0.0000000000000000e+00
	 0.0000000000000000e+00 	 0.0000000000000000e+00 	 1.0668302406543104e+07 	 1.5103235655393236e+10 	 -3.3376585276146972e+08 	 0.0000000000000000e+00
	 0.0000000000000000e+00 	 0.0000000000000000e+00 	 -1.6284724333411735e+08 	 -3.3376585276182920e+08 	 3.6613243284389281e+09 	 0.0000000000000000e+00
	 1.5541967989945945e+08 	 3.4887986371363126e+07 	 0.0000000000000000e+00 	 0.0000000000000000e+00 	 0.0000000000000000e+00 	 6.3617286059473050e+08

	 3.8502124707045209e+02 	 0.0000000000000000e+00 	 0.0000000000000000e+00 	 0.0000000000000000e+00 	 0.0000000000000000e+00 	 -1.0022796619656008e+02
	 0.0000000000000000e+00 	 3.8502124707045209e+02 	 0.0000000000000000e+00 	 0.0000000000000000e+00 	 0.0000000000000000e+00 	 7.9072925258679243e+00
	 0.0000000000000000e+00 	 0.0000000000000000e+00 	 3.8502124707045209e+02 	 1.0022796619656008e+02 	 -7.9072925258679243e+00 	 0.0000000000000000e+00
	 0.0000000000000000e+00 	 0.0000000000000000e+00 	 1.0022796619656008e+02 	 7.9171335661146270e+02 	 -1.8566937874134979e+01 	 0.0000000000000000e+00
	 0.0000000000000000e+00 	 0.0000000000000000e+00 	 -7.9072925258679243e+00 	 -1.8566937874134979e+01 	 8.5459536666291299e+01 	 0.0000000000000000e+00
	 -1.0022796619656008e+02 	 7.9072925258679243e+00 	 0.0000000000000000e+00 	 0.0000000000000000e+00 	 0.0000000000000000e+00 	 8.7717289327775131e+02

	 0.448276 
	 2.1699400936968297e+08 	 5.8801909902716912e+06 	 0.0000000000000000e+00 	 0.0000000000000000e+00 	 0.0000000000000000e+00 	 1.3258071972890337e+08
	 5.8801909902789844e+06 	 5.1329375610545987e+08 	 0.0000000000000000e+00 	 0.0000000000000000e+00 	 0.0000000000000000e+00 	 3.0039719370009344e+07
	 0.0000000000000000e+00 	 0.0000000000000000e+00 	 9.6704935650838223e+09 	 5.1892198268894815e+08 	 -1.2949798137049305e+08 	 0.0000000000000000e+00
	 0.0000000000000000e+00 	 0.0000000000000000e+00 	 5.1892198268934911e+08 	 1.3782470851347374e+10 	 -2.9715620364517117e+08 	 0.0000000000000000e+00
	 0.0000000000000000e+00 	 0.0000000000000000e+00 	 -1.2949798137062140e+08 	 -2.9715620364515144e+08 	 2.9765258561787338e+09 	 0.0000000000000000e+00
	 1.3258071972888134e+08 	 3.0039719370062862e+07 	 0.0000000000000000e+00 	 0.0000000000000000e+00 	 0.0000000000000000e+00 	 5.2518446114077449e+08

	 3.6232783092326099e+02 	 0.0000000000000000e+00 	 0.0000000000000000e+00 	 0.0000000000000000e+00 	 0.0000000000000000e+00 	 -1.1726638784825454e+02
	 0.0000000000000000e+00 	 3.6232783092326099e+02 	 0.0000000000000000e+00 	 0.0000000000000000e+00 	 0.0000000000000000e+00 	 6.7753806854327134e+00
	 0.0000000000000000e+00 	 0.0000000000000000e+00 	 3.6232783092326099e+02 	 1.1726638784825454e+02 	 -6.7753806854327134e+00 	 0.0000000000000000e+00
	 0.0000000000000000e+00 	 0.0000000000000000e+00 	 1.1726638784825454e+02 	 7.2279718079509848e+02 	 -1.7103067641656743e+01 	 0.0000000000000000e+00
	 0.0000000000000000e+00 	 0.0000000000000000e+00 	 -6.7753806854327134e+00 	 -1.7103067641656743e+01 	 6.9873470662148819e+01 	 0.0000000000000000e+00
	 -1.1726638784825454e+02 	 6.7753806854327134e+00 	 0.0000000000000000e+00 	 0.0000000000000000e+00 	 0.0000000000000000e+00 	 7.9267065145724507e+02

	 0.482759 
	 1.9379343013724729e+08 	 4.0954738669114485e+06 	 0.0000000000000000e+00 	 0.0000000000000000e+00 	 0.0000000000000000e+00 	 1.1141399314908449e+08
	 4.0954738667949759e+06 	 5.0062144320540345e+08 	 0.0000000000000000e+00 	 0.0000000000000000e+00 	 0.0000000000000000e+00 	 2.6641983005760036e+07
	 0.0000000000000000e+00 	 0.0000000000000000e+00 	 8.9780815803423271e+09 	 7.4372014302658594e+08 	 -1.0629950144167574e+08 	 0.0000000000000000e+00
	 0.0000000000000000e+00 	 0.0000000000000000e+00 	 7.4372014302697361e+08 	 1.2125965386508104e+10 	 -2.4439172862122136e+08 	 0.0000000000000000e+00
	 0.0000000000000000e+00 	 0.0000000000000000e+00 	 -1.0629950144188540e+08 	 -2.4439172862122610e+08 	 2.3598277979978771e+09 	 0.0000000000000000e+00
	 1.1141399314903513e+08 	 2.6641983005895559e+07 	 0.0000000000000000e+00 	 0.0000000000000000e+00 	 0.0000000000000000e+00 	 4.3036950699139678e+08

	 3.3910826712876150e+02 	 0.0000000000000000e+00 	 0.0000000000000000e+00 	 0.0000000000000000e+00 	 0.0000000000000000e+00 	 -1.1786139552050430e+02
	 0.0000000000000000e+00 	 3.3910826712876150e+02 	 0.0000000000000000e+00 	 0.0000000000000000e+00 	 0.0000000000000000e+00 	 6.0216673172686148e+00
	 0.0000000000000000e+00 	 0.0000000000000000e+00 	 3.3910826712876150e+02 	 1.1786139552050430e+02 	 -6.0216673172686148e+00 	 0.0000000000000000e+00
	 0.0000000000000000e+00 	 0.0000000000000000e+00 	 1.1786139552050430e+02 	 6.3865507463987501e+02 	 -1.5302020976718172e+01 	 0.0000000000000000e+00
	 0.0000000000000000e+00 	 0.0000000000000000e+00 	 -6.0216673172686148e+00 	 -1.5302020976718172e+01 	 5.5977386262757733e+01 	 0.0000000000000000e+00
	 -1.1786139552050430e+02 	 6.0216673172686148e+00 	 0.0000000000000000e+00 	 0.0000000000000000e+00 	 0.0000000000000000e+00 	 6.9463246090263135e+02

	 0.517241 
	 1.7155428709419215e+08 	 4.1500024402655014e+06 	 0.0000000000000000e+00 	 0.0000000000000000e+00 	 0.0000000000000000e+00 	 9.2116226300950691e+07
	 4.1500024401196120e+06 	 4.7701544434801835e+08 	 0.0000000000000000e+00 	 0.0000000000000000e+00 	 0.0000000000000000e+00 	 2.3761187284477167e+07
	 0.0000000000000000e+00 	 0.0000000000000000e+00 	 8.3245120317659073e+09 	 7.3161125735867882e+08 	 -1.1182465673898099e+08 	 0.0000000000000000e+00
	 0.0000000000000000e+00 	 0.0000000000000000e+00 	 7.3161125735838664e+08 	 1.0098788424673422e+10 	 -2.0146611417065182e+08 	 0.0000000000000000e+00
	 0.0000000000000000e+00 	 0.0000000000000000e+00 	 -1.1182465673915423e+08 	 -2.0146611417090976e+08 	 1.8666954777525594e+09 	 0.0000000000000000e+00
	 9.2116226300957873e+07 	 2.3761187284464456e+07 	 0.0000000000000000e+00 	 0.0000000000000000e+00 	 0.0000000000000000e+00 	 3.4289157906501514e+08

	 3.1131478746091517e+02 	 0.0000000000000000e+00 	 0.0000000000000000e+00 	 0.0000000000000000e+00 	 0.0000000000000000e+00 	 -1.0950179325334294e+02
	 0.0000000000000000e+00 	 3.1131478746091517e+02 	 0.0000000000000000e+00 	 0.0000000000000000e+00 	 0.0000000000000000e+00 	 6.0840054639007084e+00
	 0.0000000000000000e+00 	 0.0000000000000000e+00 	 3.1131478746091517e+02 	 1.0950179325334294e+02 	 -6.0840054639007084e+00 	 0.0000000000000000e+00
	 0.0000000000000000e+00 	 0.0000000000000000e+00 	 1.0950179325334294e+02 	 5.2933525771206928e+02 	 -1.2741316820251610e+01 	 0.0000000000000000e+00
	 0.0000000000000000e+00 	 0.0000000000000000e+00 	 -6.0840054639007084e+00 	 -1.2741316820251610e+01 	 4.3931533573671061e+01 	 0.0000000000000000e+00
	 -1.0950179325334294e+02 	 6.0840054639007084e+00 	 0.0000000000000000e+00 	 0.0000000000000000e+00 	 0.0000000000000000e+00 	 5.7326679128574199e+02

	 0.551724 
	 1.4947674364575335e+08 	 2.9239438901267769e+06 	 0.0000000000000000e+00 	 0.0000000000000000e+00 	 0.0000000000000000e+00 	 7.4321223134095147e+07
	 2.9239438901495454e+06 	 4.4411802359595120e+08 	 0.0000000000000000e+00 	 0.0000000000000000e+00 	 0.0000000000000000e+00 	 2.0254414204890557e+07
	 0.0000000000000000e+00 	 0.0000000000000000e+00 	 7.6245111445828114e+09 	 6.5861426786914742e+08 	 -1.1343584212936826e+08 	 0.0000000000000000e+00
	 0.0000000000000000e+00 	 0.0000000000000000e+00 	 6.5861426786921930e+08 	 8.1551633526096773e+09 	 -1.5042898036057469e+08 	 0.0000000000000000e+00
	 0.0000000000000000e+00 	 0.0000000000000000e+00 	 -1.1343584212929882e+08 	 -1.5042898036052987e+08 	 1.4450227060937147e+09 	 0.0000000000000000e+00
	 7.4321223134097859e+07 	 2.0254414204836462e+07 	 0.0000000000000000e+00 	 0.0000000000000000e+00 	 0.0000000000000000e+00 	 2.6489132438644552e+08

	 2.8149939685058183e+02 	 0.0000000000000000e+00 	 0.0000000000000000e+00 	 0.0000000000000000e+00 	 0.0000000000000000e+00 	 -9.8030555270657203e+01
	 0.0000000000000000e+00 	 2.8149939685058183e+02 	 0.0000000000000000e+00 	 0.0000000000000000e+00 	 0.0000000000000000e+00 	 5.9199495342735542e+00
	 0.0000000000000000e+00 	 0.0000000000000000e+00 	 2.8149939685058183e+02 	 9.8030555270657203e+01 	 -5.9199495342735542e+00 	 0.0000000000000000e+00
	 0.0000000000000000e+00 	 0.0000000000000000e+00 	 9.8030555270657203e+01 	 4.2628899228668433e+02 	 -1.0253178875812328e+01 	 0.0000000000000000e+00
	 0.0000000000000000e+00 	 0.0000000000000000e+00 	 -5.9199495342735542e+00 	 -1.0253178875812328e+01 	 3.3628104390884985e+01 	 0.0000000000000000e+00
	 -9.8030555270657203e+01 	 5.9199495342735542e+00 	 0.0000000000000000e+00 	 0.0000000000000000e+00 	 0.0000000000000000e+00 	 4.5991709667756993e+02

	 0.586207 
	 1.2837253310417898e+08 	 3.1268142177454974e+06 	 0.0000000000000000e+00 	 0.0000000000000000e+00 	 0.0000000000000000e+00 	 5.9079257284060575e+07
	 3.1268142177365967e+06 	 4.0680662657975113e+08 	 0.0000000000000000e+00 	 0.0000000000000000e+00 	 0.0000000000000000e+00 	 1.7767768110302743e+07
	 0.0000000000000000e+00 	 0.0000000000000000e+00 	 6.8271003032188854e+09 	 4.3332274204047358e+08 	 -1.0445195419945523e+08 	 0.0000000000000000e+00
	 0.0000000000000000e+00 	 0.0000000000000000e+00 	 4.3332274204038924e+08 	 6.2229396652816057e+09 	 -1.0968191517943855e+08 	 0.0000000000000000e+00
	 0.0000000000000000e+00 	 0.0000000000000000e+00 	 -1.0445195419939516e+08 	 -1.0968191517944793e+08 	 1.0957203767356737e+09 	 0.0000000000000000e+00
	 5.9079257284048647e+07 	 1.7767768110307004e+07 	 0.0000000000000000e+00 	 0.0000000000000000e+00 	 0.0000000000000000e+00 	 1.9906132752706081e+08

	 2.4761965899614728e+02 	 0.0000000000000000e+00 	 0.0000000000000000e+00 	 0.0000000000000000e+00 	 0.0000000000000000e+00 	 -7.9010407112830336e+01
	 0.0000000000000000e+00 	 2.4761965899614728e+02 	 0.0000000000000000e+00 	 0.0000000000000000e+00 	 0.0000000000000000e+00 	 5.3180600126353497e+00
	 0.0000000000000000e+00 	 0.0000000000000000e+00 	 2.4761965899614728e+02 	 7.9010407112830336e+01 	 -5.3180600126353497e+00 	 0.0000000000000000e+00
	 0.0000000000000000e+00 	 0.0000000000000000e+00 	 7.9010407112830336e+01 	 3.2600189787615739e+02 	 -7.6805490922311028e+00 	 0.0000000000000000e+00
	 0.0000000000000000e+00 	 0.0000000000000000e+00 	 -5.3180600126353497e+00 	 -7.6805490922311028e+00 	 2.5120949911821089e+01 	 0.0000000000000000e+00
	 -7.9010407112830336e+01 	 5.3180600126353497e+00 	 0.0000000000000000e+00 	 0.0000000000000000e+00 	 0.0000000000000000e+00 	 3.5112284778797869e+02

	 0.620690 
	 1.0878061008615576e+08 	 2.6307957201014548e+06 	 0.0000000000000000e+00 	 0.0000000000000000e+00 	 0.0000000000000000e+00 	 4.6023873378453836e+07
	 2.6307957202030472e+06 	 3.6473301472135001e+08 	 0.0000000000000000e+00 	 0.0000000000000000e+00 	 0.0000000000000000e+00 	 1.5092055353654945e+07
	 0.0000000000000000e+00 	 0.0000000000000000e+00 	 6.0366573881450005e+09 	 2.3690806873972067e+08 	 -9.4668348761423796e+07 	 0.0000000000000000e+00
	 0.0000000000000000e+00 	 0.0000000000000000e+00 	 2.3690806873975474e+08 	 4.5973517541997776e+09 	 -7.3537988790606722e+07 	 0.0000000000000000e+00
	 0.0000000000000000e+00 	 0.0000000000000000e+00 	 -9.4668348761509761e+07 	 -7.3537988790678844e+07 	 8.1011359999144292e+08 	 0.0000000000000000e+00
	 4.6023873378455907e+07 	 1.5092055353694648e+07 	 0.0000000000000000e+00 	 0.0000000000000000e+00 	 0.0000000000000000e+00 	 1.4497285776049069e+08

	 2.1397408835244514e+02 	 0.0000000000000000e+00 	 0.0000000000000000e+00 	 0.0000000000000000e+00 	 0.0000000000000000e+00 	 -6.1456674929797487e+01
	 0.0000000000000000e+00 	 2.1397408835244514e+02 	 0.0000000000000000e+00 	 0.0000000000000000e+00 	 0.0000000000000000e+00 	 4.6640028002008309e+00
	 0.0000000000000000e+00 	 0.0000000000000000e+00 	 2.1397408835244514e+02 	 6.1456674929797487e+01 	 -4.6640028002008309e+00 	 0.0000000000000000e+00
	 0.0000000000000000e+00 	 0.0000000000000000e+00 	 6.1456674929797487e+01 	 2.4154627332763619e+02 	 -5.5559822651409769e+00 	 0.0000000000000000e+00
	 0.0000000000000000e+00 	 0.0000000000000000e+00 	 -4.6640028002008309e+00 	 -5.5559822651409769e+00 	 1.8213042378817835e+01 	 0.0000000000000000e+00
	 -6.1456674929797487e+01 	 4.6640028002008309e+00 	 0.0000000000000000e+00 	 0.0000000000000000e+00 	 0.0000000000000000e+00 	 2.5975931570645491e+02

	 0.655172 
	 9.1599642901901424e+07 	 1.8915357526137754e+06 	 0.0000000000000000e+00 	 0.0000000000000000e+00 	 0.0000000000000000e+00 	 3.4923479923596576e+07
	 1.8915357526255413e+06 	 3.2099630209574163e+08 	 0.0000000000000000e+00 	 0.0000000000000000e+00 	 0.0000000000000000e+00 	 1.2564573481890272e+07
	 0.0000000000000000e+00 	 0.0000000000000000e+00 	 5.1559758357353659e+09 	 1.3154623414443776e+08 	 -8.3445230413867682e+07 	 0.0000000000000000e+00
	 0.0000000000000000e+00 	 0.0000000000000000e+00 	 1.3154623414451151e+08 	 3.2874748738381896e+09 	 -4.7998428411733910e+07 	 0.0000000000000000e+00
	 0.0000000000000000e+00 	 0.0000000000000000e+00 	 -8.3445230413798243e+07 	 -4.7998428411721930e+07 	 5.6413350702950597e+08 	 0.0000000000000000e+00
	 3.4923479923617557e+07 	 1.2564573481874075e+07 	 0.0000000000000000e+00 	 0.0000000000000000e+00 	 0.0000000000000000e+00 	 1.0205679945910735e+08

	 1.8241564327696190e+02 	 0.0000000000000000e+00 	 0.0000000000000000e+00 	 0.0000000000000000e+00 	 0.0000000000000000e+00 	 -4.6376662051634909e+01
	 0.0000000000000000e+00 	 1.8241564327696190e+02 	 0.0000000000000000e+00 	 0.0000000000000000e+00 	 0.0000000000000000e+00 	 3.9823874872431237e+00
	 0.0000000000000000e+00 	 0.0000000000000000e+00 	 1.8241564327696190e+02 	 4.6376662051634909e+01 	 -3.9823874872431237e+00 	 0.0000000000000000e+00
	 0.0000000000000000e+00 	 0.0000000000000000e+00 	 4.6376662051634909e+01 	 1.7339167531528324e+02 	 -3.8848755095907785e+00 	 0.0000000000000000e+00
	 0.0000000000000000e+00 	 0.0000000000000000e+00 	 -3.9823874872431237e+00 	 -3.8848755095907785e+00 	 1.2775607797352187e+01 	 0.0000000000000000e+00
	 -4.6376662051634909e+01 	 3.9823874872431237e+00 	 0.0000000000000000e+00 	 0.0000000000000000e+00 	 0.0000000000000000e+00 	 1.8616728311263569e+02

	 0.689655 
	 7.1456434554273710e+07 	 6.9364871704178443e+06 	 0.0000000000000000e+00 	 0.0000000000000000e+00 	 0.0000000000000000e+00 	 3.1587833472352117e+07
	 6.9364871704317220e+06 	 4.9332137268776250e+08 	 0.0000000000000000e+00 	 0.0000000000000000e+00 	 0.0000000000000000e+00 	 1.7140969270945787e+07
	 0.0000000000000000e+00 	 0.0000000000000000e+00 	 5.4830190583551779e+09 	 6.8427531819081795e+08 	 -1.1575287043118306e+08 	 0.0000000000000000e+00
	 0.0000000000000000e+00 	 0.0000000000000000e+00 	 6.8427531819081843e+08 	 2.5410398077541318e+09 	 -4.8933682570827335e+07 	 0.0000000000000000e+00
	 0.0000000000000000e+00 	 0.0000000000000000e+00 	 -1.1575287043110526e+08 	 -4.8933682570795499e+07 	 4.3865479307760370e+08 	 0.0000000000000000e+00
	 3.1587833472342949e+07 	 1.7140969270917427e+07 	 0.0000000000000000e+00 	 0.0000000000000000e+00 	 0.0000000000000000e+00 	 9.3194684737961739e+07

	 2.3244841912392431e+02 	 0.0000000000000000e+00 	 0.0000000000000000e+00 	 0.0000000000000000e+00 	 0.0000000000000000e+00 	 -3.8335985239572175e+01
	 0.0000000000000000e+00 	 2.3244841912392431e+02 	 0.0000000000000000e+00 	 0.0000000000000000e+00 	 0.0000000000000000e+00 	 5.0594218899794372e+00
	 0.0000000000000000e+00 	 0.0000000000000000e+00 	 2.3244841912392431e+02 	 3.8335985239572175e+01 	 -5.0594218899794372e+00 	 0.0000000000000000e+00
	 0.0000000000000000e+00 	 0.0000000000000000e+00 	 3.8335985239572175e+01 	 1.2737025529009233e+02 	 -2.7420787067438064e+00 	 0.0000000000000000e+00
	 0.0000000000000000e+00 	 0.0000000000000000e+00 	 -5.0594218899794372e+00 	 -2.7420787067438064e+00 	 1.6210379240081235e+01 	 0.0000000000000000e+00
	 -3.8335985239572175e+01 	 5.0594218899794372e+00 	 0.0000000000000000e+00 	 0.0000000000000000e+00 	 0.0000000000000000e+00 	 1.4358063453017328e+02

	 0.724138 
	 6.3963753948612370e+07 	 9.5379860824817023e+05 	 0.0000000000000000e+00 	 0.0000000000000000e+00 	 0.0000000000000000e+00 	 1.9585013166541226e+07
	 9.5379860826901637e+05 	 2.3202447825228673e+08 	 0.0000000000000000e+00 	 0.0000000000000000e+00 	 0.0000000000000000e+00 	 7.9592574767561657e+06
	 0.0000000000000000e+00 	 0.0000000000000000e+00 	 3.7995384487669425e+09 	 -4.5647208302756496e+07 	 -6.3520939433749497e+07 	 0.0000000000000000e+00
	 0.0000000000000000e+00 	 0.0000000000000000e+00 	 -4.5647208302782752e+07 	 1.5612958562037194e+09 	 -1.5916450843131389e+07 	 0.0000000000000000e+00
	 0.0000000000000000e+00 	 0.0000000000000000e+00 	 -6.3520939433751479e+07 	 -1.5916450843142306e+07 	 2.6564582860523170e+08 	 0.0000000000000000e+00
	 1.9585013166546185e+07 	 7.9592574767567422e+06 	 0.0000000000000000e+00 	 0.0000000000000000e+00 	 0.0000000000000000e+00 	 4.6305427145935774e+07

	 1.2667148481065524e+02 	 0.0000000000000000e+00 	 0.0000000000000000e+00 	 0.0000000000000000e+00 	 0.0000000000000000e+00 	 -2.2346291439037373e+01
	 0.0000000000000000e+00 	 1.2667148481065524e+02 	 0.0000000000000000e+00 	 0.0000000000000000e+00 	 0.0000000000000000e+00 	 2.7485137966978561e+00
	 0.0000000000000000e+00 	 0.0000000000000000e+00 	 1.2667148481065524e+02 	 2.2346291439037373e+01 	 -2.7485137966978561e+00 	 0.0000000000000000e+00
	 0.0000000000000000e+00 	 0.0000000000000000e+00 	 2.2346291439037373e+01 	 8.1108509598963252e+01 	 -1.6783441432991395e+00 	 0.0000000000000000e+00
	 0.0000000000000000e+00 	 0.0000000000000000e+00 	 -2.7485137966978561e+00 	 -1.6783441432991395e+00 	 5.7133482806932010e+00 	 0.0000000000000000e+00
	 -2.2346291439037373e+01 	 2.7485137966978561e+00 	 0.0000000000000000e+00 	 0.0000000000000000e+00 	 0.0000000000000000e+00 	 8.6821857879656434e+01

	 0.758621 
	 5.2947684120311789e+07 	 3.0470856116408372e+05 	 0.0000000000000000e+00 	 0.0000000000000000e+00 	 0.0000000000000000e+00 	 1.4374813135828422e+07
	 3.0470856118635688e+05 	 1.9030528946194080e+08 	 0.0000000000000000e+00 	 0.0000000000000000e+00 	 0.0000000000000000e+00 	 5.9843361916277735e+06
	 0.0000000000000000e+00 	 0.0000000000000000e+00 	 3.2539074347312136e+09 	 -9.8246544381081372e+07 	 -5.4583889215518355e+07 	 0.0000000000000000e+00
	 0.0000000000000000e+00 	 0.0000000000000000e+00 	 -9.8246544381063193e+07 	 1.0349660586407104e+09 	 -6.8767266151860589e+06 	 0.0000000000000000e+00
	 0.0000000000000000e+00 	 0.0000000000000000e+00 	 -5.4583889215538390e+07 	 -6.8767266152055757e+06 	 1.7659028737272024e+08 	 0.0000000000000000e+00
	 1.4374813135827975e+07 	 5.9843361916268179e+06 	 0.0000000000000000e+00 	 0.0000000000000000e+00 	 0.0000000000000000e+00 	 2.9609174165132996e+07

	 1.0272452694639763e+02 	 0.0000000000000000e+00 	 0.0000000000000000e+00 	 0.0000000000000000e+00 	 0.0000000000000000e+00 	 -1.3900989411446057e+01
	 0.0000000000000000e+00 	 1.0272452694639763e+02 	 0.0000000000000000e+00 	 0.0000000000000000e+00 	 0.0000000000000000e+00 	 2.1748081359751574e+00
	 0.0000000000000000e+00 	 0.0000000000000000e+00 	 1.0272452694639763e+02 	 1.3900989411446057e+01 	 -2.1748081359751574e+00 	 0.0000000000000000e+00
	 0.0000000000000000e+00 	 0.0000000000000000e+00 	 1.3900989411446057e+01 	 5.2584459325887771e+01 	 -1.0089629197918770e+00 	 0.0000000000000000e+00
	 0.0000000000000000e+00 	 0.0000000000000000e+00 	 -2.1748081359751574e+00 	 -1.0089629197918770e+00 	 3.5943560748396082e+00 	 0.0000000000000000e+00
	 -1.3900989411446057e+01 	 2.1748081359751574e+00 	 0.0000000000000000e+00 	 0.0000000000000000e+00 	 0.0000000000000000e+00 	 5.6178815400727231e+01

	 0.793103 
	 4.2849277266501866e+07 	 6.0973668424301613e+03 	 0.0000000000000000e+00 	 0.0000000000000000e+00 	 0.0000000000000000e+00 	 9.9561914430902041e+06
	 6.0973668229548439e+03 	 1.5175660146249628e+08 	 0.0000000000000000e+00 	 0.0000000000000000e+00 	 0.0000000000000000e+00 	 4.7489251064612307e+06
	 0.0000000000000000e+00 	 0.0000000000000000e+00 	 2.6269557088481359e+09 	 -1.0451736127313595e+08 	 -5.2265642001066878e+07 	 0.0000000000000000e+00
	 0.0000000000000000e+00 	 0.0000000000000000e+00 	 -1.0451736127310583e+08 	 6.4303176548012042e+08 	 -1.1481547153216177e+06 	 0.0000000000000000e+00
	 0.0000000000000000e+00 	 0.0000000000000000e+00 	 -5.2265642001056306e+07 	 -1.1481547153150148e+06 	 1.0496164921104810e+08 	 0.0000000000000000e+00
	 9.9561914430887550e+06 	 4.7489251064601773e+06 	 0.0000000000000000e+00 	 0.0000000000000000e+00 	 0.0000000000000000e+00 	 1.7688597289963409e+07

	 8.0721794390293965e+01 	 0.0000000000000000e+00 	 0.0000000000000000e+00 	 0.0000000000000000e+00 	 0.0000000000000000e+00 	 -7.7973619906419271e+00
	 0.0000000000000000e+00 	 8.0721794390293965e+01 	 0.0000000000000000e+00 	 0.0000000000000000e+00 	 0.0000000000000000e+00 	 1.7685170393563072e+00
	 0.0000000000000000e+00 	 0.0000000000000000e+00 	 8.0721794390293965e+01 	 7.7973619906419271e+00 	 -1.7685170393563072e+00 	 0.0000000000000000e+00
	 0.0000000000000000e+00 	 0.0000000000000000e+00 	 7.7973619906419271e+00 	 3.2006655307095798e+01 	 -5.2547285047073522e-01 	 0.0000000000000000e+00
	 0.0000000000000000e+00 	 0.0000000000000000e+00 	 -1.7685170393563072e+00 	 -5.2547285047073522e-01 	 2.0955136690941654e+00 	 0.0000000000000000e+00
	 -7.7973619906419271e+00 	 1.7685170393563072e+00 	 0.0000000000000000e+00 	 0.0000000000000000e+00 	 0.0000000000000000e+00 	 3.4102168976189830e+01

	 0.827586 
	 3.3631599312760428e+07 	 -1.0980016449110680e+05 	 0.0000000000000000e+00 	 0.0000000000000000e+00 	 0.0000000000000000e+00 	 6.4961593193101566e+06
	 -1.0980016449246097e+05 	 1.1562671950210889e+08 	 0.0000000000000000e+00 	 0.0000000000000000e+00 	 0.0000000000000000e+00 	 3.5152645477565266e+06
	 0.0000000000000000e+00 	 0.0000000000000000e+00 	 2.0322000908218279e+09 	 -1.0478412397819231e+08 	 -4.1948384562449649e+07 	 0.0000000000000000e+00
	 0.0000000000000000e+00 	 0.0000000000000000e+00 	 -1.0478412397821243e+08 	 3.6249698599347150e+08 	 1.2000848643175343e+06 	 0.0000000000000000e+00
	 0.0000000000000000e+00 	 0.0000000000000000e+00 	 -4.1948384562446438e+07 	 1.2000848643165997e+06 	 5.7889026048840523e+07 	 0.0000000000000000e+00
	 6.4961593193091843e+06 	 3.5152645477591706e+06 	 0.0000000000000000e+00 	 0.0000000000000000e+00 	 0.0000000000000000e+00 	 9.7682380720593762e+06

	 6.0864028462578631e+01 	 0.0000000000000000e+00 	 0.0000000000000000e+00 	 0.0000000000000000e+00 	 0.0000000000000000e+00 	 -3.3006678796035129e+00
	 0.0000000000000000e+00 	 6.0864028462578631e+01 	 0.0000000000000000e+00 	 0.0000000000000000e+00 	 0.0000000000000000e+00 	 1.3186492107377059e+00
	 0.0000000000000000e+00 	 0.0000000000000000e+00 	 6.0864028462578631e+01 	 3.3006678796035129e+00 	 -1.3186492107377059e+00 	 0.0000000000000000e+00
	 0.0000000000000000e+00 	 0.0000000000000000e+00 	 3.3006678796035129e+00 	 1.7857417713240697e+01 	 -2.2624523046731973e-01 	 0.0000000000000000e+00
	 0.0000000000000000e+00 	 0.0000000000000000e+00 	 -1.3186492107377059e+00 	 -2.2624523046731973e-01 	 1.1360318397147435e+00 	 0.0000000000000000e+00
	 -3.3006678796035129e+00 	 1.3186492107377059e+00 	 0.0000000000000000e+00 	 0.0000000000000000e+00 	 0.0000000000000000e+00 	 1.8993449552955347e+01

	 0.862069 
	 2.5527803279677976e+07 	 1.0061899745163355e+04 	 0.0000000000000000e+00 	 0.0000000000000000e+00 	 0.0000000000000000e+00 	 4.0869209329927289e+06
	 1.0061899752176460e+04 	 8.6758824322176903e+07 	 0.0000000000000000e+00 	 0.0000000000000000e+00 	 0.0000000000000000e+00 	 2.4691415684118886e+06
	 0.0000000000000000e+00 	 0.0000000000000000e+00 	 1.4952355181703389e+09 	 -7.7946926729570583e+07 	 -3.1118028721433412e+07 	 0.0000000000000000e+00
	 0.0000000000000000e+00 	 0.0000000000000000e+00 	 -7.7946926729562581e+07 	 1.9512135879825684e+08 	 1.2083167337082287e+06 	 0.0000000000000000e+00
	 0.0000000000000000e+00 	 0.0000000000000000e+00 	 -3.1118028721434828e+07 	 1.2083167337103002e+06 	 2.8175044506036628e+07 	 0.0000000000000000e+00
	 4.0869209329932453e+06 	 2.4691415684135701e+06 	 0.0000000000000000e+00 	 0.0000000000000000e+00 	 0.0000000000000000e+00 	 5.1629805441161003e+06

	 4.5128400758070306e+01 	 0.0000000000000000e+00 	 0.0000000000000000e+00 	 0.0000000000000000e+00 	 0.0000000000000000e+00 	 -1.0617276157163278e+00
	 0.0000000000000000e+00 	 4.5128400758070306e+01 	 0.0000000000000000e+00 	 0.0000000000000000e+00 	 0.0000000000000000e+00 	 9.4830533104620329e-01
	 0.0000000000000000e+00 	 0.0000000000000000e+00 	 4.5128400758070306e+01 	 1.0617276157163278e+00 	 -9.4830533104620329e-01 	 0.0000000000000000e+00
	 0.0000000000000000e+00 	 0.0000000000000000e+00 	 1.0617276157163278e+00 	 9.5162341669998174e+00 	 -8.8001322318759345e-02 	 0.0000000000000000e+00
	 0.0000000000000000e+00 	 0.0000000000000000e+00 	 -9.4830533104620329e-01 	 -8.8001322318759345e-02 	 5.6719766042394226e-01 	 0.0000000000000000e+00
	 -1.0617276157163278e+00 	 9.4830533104620329e-01 	 0.0000000000000000e+00 	 0.0000000000000000e+00 	 0.0000000000000000e+00 	 1.0083431827423738e+01

	 0.896552 
	 1.8301815984897379e+07 	 2.9657360091395164e+05 	 0.0000000000000000e+00 	 0.0000000000000000e+00 	 0.0000000000000000e+00 	 2.3885303017296526e+06
	 2.9657360091232596e+05 	 6.3303995584497921e+07 	 0.0000000000000000e+00 	 0.0000000000000000e+00 	 0.0000000000000000e+00 	 1.8439279167947157e+06
	 0.0000000000000000e+00 	 0.0000000000000000e+00 	 1.0012963623276075e+09 	 -4.0588935533047266e+07 	 -2.1879620780661367e+07 	 0.0000000000000000e+00
	 0.0000000000000000e+00 	 0.0000000000000000e+00 	 -4.0588935533048175e+07 	 9.7803099578190014e+07 	 5.4297237416601332e+05 	 0.0000000000000000e+00
	 0.0000000000000000e+00 	 0.0000000000000000e+00 	 -2.1879620780660130e+07 	 5.4297237416627957e+05 	 1.1597931864605904e+07 	 0.0000000000000000e+00
	 2.3885303017294868e+06 	 1.8439279167953320e+06 	 0.0000000000000000e+00 	 0.0000000000000000e+00 	 0.0000000000000000e+00 	 2.5689867730340897e+06

	 3.2523057131159952e+01 	 0.0000000000000000e+00 	 0.0000000000000000e+00 	 0.0000000000000000e+00 	 0.0000000000000000e+00 	 -3.4499045444041271e-01
	 0.0000000000000000e+00 	 3.2523057131159952e+01 	 0.0000000000000000e+00 	 0.0000000000000000e+00 	 0.0000000000000000e+00 	 6.9330447557395103e-01
	 0.0000000000000000e+00 	 0.0000000000000000e+00 	 3.2523057131159952e+01 	 3.4499045444041271e-01 	 -6.9330447557395103e-01 	 0.0000000000000000e+00
	 0.0000000000000000e+00 	 0.0000000000000000e+00 	 3.4499045444041271e-01 	 4.8146343761517114e+00 	 -3.5744551550001585e-02 	 0.0000000000000000e+00
	 0.0000000000000000e+00 	 0.0000000000000000e+00 	 -6.9330447557395103e-01 	 -3.5744551550001585e-02 	 2.6017948722694101e-01 	 0.0000000000000000e+00
	 -3.4499045444041271e-01 	 6.9330447557395103e-01 	 0.0000000000000000e+00 	 0.0000000000000000e+00 	 0.0000000000000000e+00 	 5.0748138633786617e+00

	 0.931034 
	 1.1318137953751823e+07 	 3.8502636768096354e+05 	 0.0000000000000000e+00 	 0.0000000000000000e+00 	 0.0000000000000000e+00 	 1.1759028994774162e+06
	 3.8502636768075899e+05 	 4.3302605626842596e+07 	 0.0000000000000000e+00 	 0.0000000000000000e+00 	 0.0000000000000000e+00 	 1.2230735679566355e+06
	 0.0000000000000000e+00 	 0.0000000000000000e+00 	 6.3670902615327048e+08 	 -1.6134625071725126e+07 	 -1.3733271962259540e+07 	 0.0000000000000000e+00
	 0.0000000000000000e+00 	 0.0000000000000000e+00 	 -1.6134625071725100e+07 	 4.2671758176712267e+07 	 1.3534020925361494e+05 	 0.0000000000000000e+00
	 0.0000000000000000e+00 	 0.0000000000000000e+00 	 -1.3733271962260140e+07 	 1.3534020925354911e+05 	 4.1329678406575886e+06 	 0.0000000000000000e+00
	 1.1759028994776509e+06 	 1.2230735679574311e+06 	 0.0000000000000000e+00 	 0.0000000000000000e+00 	 0.0000000000000000e+00 	 1.0908310648787196e+06

	 2.2028585521206960e+01 	 0.0000000000000000e+00 	 0.0000000000000000e+00 	 0.0000000000000000e+00 	 0.0000000000000000e+00 	 -2.0086714588314760e-02
	 0.0000000000000000e+00 	 2.2028585521206960e+01 	 0.0000000000000000e+00 	 0.0000000000000000e+00 	 0.0000000000000000e+00 	 4.5031942188017543e-01
	 0.0000000000000000e+00 	 0.0000000000000000e+00 	 2.2028585521206960e+01 	 2.0086714588314760e-02 	 -4.5031942188017543e-01 	 0.0000000000000000e+00
	 0.0000000000000000e+00 	 0.0000000000000000e+00 	 2.0086714588314760e-02 	 2.0956889907186467e+00 	 -1.0836814657308638e-02 	 0.0000000000000000e+00
	 0.0000000000000000e+00 	 0.0000000000000000e+00 	 -4.5031942188017543e-01 	 -1.0836814657308638e-02 	 1.0473857817154621e-01 	 0.0000000000000000e+00
	 -2.0086714588314760e-02 	 4.5031942188017543e-01 	 0.0000000000000000e+00 	 0.0000000000000000e+00 	 0.0000000000000000e+00 	 2.2004275688901953e+00

	 0.965517 
	 5.3809828718671100e+06 	 3.0382949644992367e+05 	 0.0000000000000000e+00 	 0.0000000000000000e+00 	 0.0000000000000000e+00 	 5.0074266529888019e+05
	 3.0382949644933018e+05 	 2.8008517115492269e+07 	 0.0000000000000000e+00 	 0.0000000000000000e+00 	 0.0000000000000000e+00 	 6.8962898429848452e+05
	 0.0000000000000000e+00 	 0.0000000000000000e+00 	 3.4996100294911724e+08 	 -4.4095755094955862e+06 	 -6.5964008904911615e+06 	 0.0000000000000000e+00
	 0.0000000000000000e+00 	 0.0000000000000000e+00 	 -4.4095755094961496e+06 	 1.4462145236518737e+07 	 2.0435226035751730e+04 	 0.0000000000000000e+00
	 0.0000000000000000e+00 	 0.0000000000000000e+00 	 -6.5964008904914381e+06 	 2.0435226035734879e+04 	 1.0630980572550087e+06 	 0.0000000000000000e+00
	 5.0074266529892432e+05 	 6.8962898429860931e+05 	 0.0000000000000000e+00 	 0.0000000000000000e+00 	 0.0000000000000000e+00 	 3.7513477197992476e+05

	 1.3769771297416554e+01 	 0.0000000000000000e+00 	 0.0000000000000000e+00 	 0.0000000000000000e+00 	 0.0000000000000000e+00 	 1.5050302402362947e-01
	 0.0000000000000000e+00 	 1.3769771297416554e+01 	 0.0000000000000000e+00 	 0.0000000000000000e+00 	 0.0000000000000000e+00 	 2.4003252769819902e-01
	 0.0000000000000000e+00 	 0.0000000000000000e+00 	 1.3769771297416554e+01 	 -1.5050302402362947e-01 	 -2.4003252769819902e-01 	 0.0000000000000000e+00
	 0.0000000000000000e+00 	 0.0000000000000000e+00 	 -1.5050302402362947e-01 	 7.3396815806213533e-01 	 -3.0103923928012378e-04 	 0.0000000000000000e+00
	 0.0000000000000000e+00 	 0.0000000000000000e+00 	 -2.4003252769819902e-01 	 -3.0103923928012378e-04 	 3.3600770562214416e-02 	 0.0000000000000000e+00
	 1.5050302402362947e-01 	 2.4003252769819902e-01 	 0.0000000000000000e+00 	 0.0000000000000000e+00 	 0.0000000000000000e+00 	 7.6756892862434944e-01

	 1.000000 
	 6.9280780575050262e+05 	 1.2555159686685374e+05 	 0.0000000000000000e+00 	 0.0000000000000000e+00 	 0.0000000000000000e+00 	 1.1670412257492141e+05
	 1.2555159686665835e+05 	 2.4683957725388180e+07 	 0.0000000000000000e+00 	 0.0000000000000000e+00 	 0.0000000000000000e+00 	 4.5040472444754804e+05
	 0.0000000000000000e+00 	 0.0000000000000000e+00 	 6.4350184396260750e+08 	 -1.1167589451288188e+07 	 -9.5885846099990234e+06 	 0.0000000000000000e+00
	 0.0000000000000000e+00 	 0.0000000000000000e+00 	 -1.1167589451288221e+07 	 6.3462680285661696e+06 	 1.3073434809412548e+05 	 0.0000000000000000e+00
	 0.0000000000000000e+00 	 0.0000000000000000e+00 	 -9.5885846099990122e+06 	 1.3073434809412056e+05 	 7.8820393092934031e+05 	 0.0000000000000000e+00
	 1.1670412257491337e+05 	 4.5040472444757732e+05 	 0.0000000000000000e+00 	 0.0000000000000000e+00 	 0.0000000000000000e+00 	 8.9594620577944836e+04

	 1.1296248212255700e+01 	 0.0000000000000000e+00 	 0.0000000000000000e+00 	 0.0000000000000000e+00 	 0.0000000000000000e+00 	 3.1369726742631782e-01
	 0.0000000000000000e+00 	 1.1296248212255700e+01 	 0.0000000000000000e+00 	 0.0000000000000000e+00 	 0.0000000000000000e+00 	 1.5693085221225014e-01
	 0.0000000000000000e+00 	 0.0000000000000000e+00 	 1.1296248212255700e+01 	 -3.1369726742631782e-01 	 -1.5693085221225014e-01 	 0.0000000000000000e+00
	 0.0000000000000000e+00 	 0.0000000000000000e+00 	 -3.1369726742631782e-01 	 1.7107952481605668e-01 	 3.1760128630940491e-03 	 0.0000000000000000e+00
	 0.0000000000000000e+00 	 0.0000000000000000e+00 	 -1.5693085221225014e-01 	 3.1760128630940491e-03 	 1.2613346733010058e-02 	 0.0000000000000000e+00
	 3.1369726742631782e-01 	 1.5693085221225014e-01 	 0.0000000000000000e+00 	 0.0000000000000000e+00 	 0.0000000000000000e+00 	 1.8369287154906727e-01

