 ------- BEAMDYN V1.00.* INDIVIDUAL BLADE INPUT FILE --------------------------
 Test Format 1
 ---------------------- BLADE PARAMETERS --------------------------------------
30   station_total    - Number of blade input stations (-)
 1   damp_type        - Damping type: 0: no damping; 1: damped
  ---------------------- DAMPING COEFFICIENT------------------------------------
   mu1        mu2        mu3        mu4        mu5        mu6
   (-)        (-)        (-)        (-)        (-)        (-)
1.0E-02    1.0E-02    1.0E-02    1.0E-02    1.0E-02    1.0E-02
 ---------------------- DISTRIBUTED PROPERTIES---------------------------------
	 0.000000 
	 5.6116218656282043e+09 	 -8.6423247538871237e+03 	 0.0000000000000000e+00 	 0.0000000000000000e+00 	 0.0000000000000000e+00 	 5.2107886582436631e+03
	 -8.6423246841373075e+03 	 5.6116231404388304e+09 	 0.0000000000000000e+00 	 0.0000000000000000e+00 	 0.0000000000000000e+00 	 -1.1622272870626277e+04
	 0.0000000000000000e+00 	 0.0000000000000000e+00 	 3.8337865105604576e+10 	 -3.5706055080901926e+04 	 7.9392199864079303e+04 	 0.0000000000000000e+00
	 0.0000000000000000e+00 	 0.0000000000000000e+00 	 -3.5706054978035449e+04 	 9.2816847597389526e+10 	 1.4305286297946292e+05 	 0.0000000000000000e+00
	 0.0000000000000000e+00 	 0.0000000000000000e+00 	 7.9392199987166183e+04 	 1.4305286377683611e+05 	 9.2816825855194565e+10 	 0.0000000000000000e+00
	 5.2107886575053690e+03 	 -1.1622272869910154e+04 	 0.0000000000000000e+00 	 0.0000000000000000e+00 	 0.0000000000000000e+00 	 5.4292010255700577e+10

	 2.6502906017714427e+03 	 0.0000000000000000e+00 	 0.0000000000000000e+00 	 0.0000000000000000e+00 	 0.0000000000000000e+00 	 2.4687001306166606e-03
	 0.0000000000000000e+00 	 2.6502906017714427e+03 	 0.0000000000000000e+00 	 0.0000000000000000e+00 	 0.0000000000000000e+00 	 -5.4884281476794061e-03
	 0.0000000000000000e+00 	 0.0000000000000000e+00 	 2.6502906017714427e+03 	 -2.4687001306166606e-03 	 5.4884281476794061e-03 	 0.0000000000000000e+00
	 0.0000000000000000e+00 	 0.0000000000000000e+00 	 -2.4687001306166606e-03 	 6.4179181611974773e+03 	 9.8902710014335919e-03 	 0.0000000000000000e+00
	 0.0000000000000000e+00 	 0.0000000000000000e+00 	 5.4884281476794061e-03 	 9.8902710014335919e-03 	 6.4179166588269263e+03 	 0.0000000000000000e+00
	 2.4687001306166606e-03 	 -5.4884281476794061e-03 	 0.0000000000000000e+00 	 0.0000000000000000e+00 	 0.0000000000000000e+00 	 1.2835834820024411e+04

	 0.034483 
	 4.0874178666114039e+09 	 -1.7114526059899878e+07 	 0.0000000000000000e+00 	 0.0000000000000000e+00 	 0.0000000000000000e+00 	 5.7989102016649783e+07
	 -1.7114526059820853e+07 	 4.4316963092105503e+09 	 0.0000000000000000e+00 	 0.0000000000000000e+00 	 0.0000000000000000e+00 	 1.6351200831438996e+07
	 0.0000000000000000e+00 	 0.0000000000000000e+00 	 2.9733248254268269e+10 	 -3.8074382032121044e+08 	 -1.1328654592093389e+08 	 0.0000000000000000e+00
	 0.0000000000000000e+00 	 0.0000000000000000e+00 	 -3.8074382032254303e+08 	 7.0021756405447784e+10 	 -1.0395752941295038e+09 	 0.0000000000000000e+00
	 0.0000000000000000e+00 	 0.0000000000000000e+00 	 -1.1328654592100111e+08 	 -1.0395752941298243e+09 	 6.7935286268727196e+10 	 0.0000000000000000e+00
	 5.7989102016652048e+07 	 1.6351200831429647e+07 	 0.0000000000000000e+00 	 0.0000000000000000e+00 	 0.0000000000000000e+00 	 3.9505457645553993e+10

	 2.0386440747481879e+03 	 0.0000000000000000e+00 	 0.0000000000000000e+00 	 0.0000000000000000e+00 	 0.0000000000000000e+00 	 2.4743960316664577e+01
	 0.0000000000000000e+00 	 2.0386440747481879e+03 	 0.0000000000000000e+00 	 0.0000000000000000e+00 	 0.0000000000000000e+00 	 7.4835799300518522e+00
	 0.0000000000000000e+00 	 0.0000000000000000e+00 	 2.0386440747481879e+03 	 -2.4743960316664577e+01 	 -7.4835799300518522e+00 	 0.0000000000000000e+00
	 0.0000000000000000e+00 	 0.0000000000000000e+00 	 -2.4743960316664577e+01 	 4.8385340019802361e+03 	 -4.5632043728782193e+01 	 0.0000000000000000e+00
	 0.0000000000000000e+00 	 0.0000000000000000e+00 	 -7.4835799300518522e+00 	 -4.5632043728782193e+01 	 4.6264854135351916e+03 	 0.0000000000000000e+00
	 2.4743960316664577e+01 	 7.4835799300518522e+00 	 0.0000000000000000e+00 	 0.0000000000000000e+00 	 0.0000000000000000e+00 	 9.4650194155154259e+03

	 0.068966 
	 2.8083524418989000e+09 	 -2.4626069954601083e+07 	 0.0000000000000000e+00 	 0.0000000000000000e+00 	 0.0000000000000000e+00 	 1.1136413228626271e+08
	 -2.4626069954541255e+07 	 3.6515092965919118e+09 	 0.0000000000000000e+00 	 0.0000000000000000e+00 	 0.0000000000000000e+00 	 3.6562666758429132e+07
	 0.0000000000000000e+00 	 0.0000000000000000e+00 	 2.4302895206553684e+10 	 7.2818620287213266e+08 	 -2.2624594769072390e+08 	 0.0000000000000000e+00
	 0.0000000000000000e+00 	 0.0000000000000000e+00 	 7.2818620287193894e+08 	 5.7254740313751991e+10 	 -1.6113345916147943e+09 	 0.0000000000000000e+00
	 0.0000000000000000e+00 	 0.0000000000000000e+00 	 -2.2624594769088450e+08 	 -1.6113345916151686e+09 	 4.4205936044907265e+10 	 0.0000000000000000e+00
	 1.1136413228626476e+08 	 3.6562666758435056e+07 	 0.0000000000000000e+00 	 0.0000000000000000e+00 	 0.0000000000000000e+00 	 2.6452310937789707e+10

	 1.6351037005539404e+03 	 0.0000000000000000e+00 	 0.0000000000000000e+00 	 0.0000000000000000e+00 	 0.0000000000000000e+00 	 -1.0531140621949438e+01
	 0.0000000000000000e+00 	 1.6351037005539404e+03 	 0.0000000000000000e+00 	 0.0000000000000000e+00 	 0.0000000000000000e+00 	 1.9289833393822729e+01
	 0.0000000000000000e+00 	 0.0000000000000000e+00 	 1.6351037005539404e+03 	 1.0531140621949438e+01 	 -1.9289833393822729e+01 	 0.0000000000000000e+00
	 0.0000000000000000e+00 	 0.0000000000000000e+00 	 1.0531140621949438e+01 	 3.8478901826375195e+03 	 -7.2572454381667058e+01 	 0.0000000000000000e+00
	 0.0000000000000000e+00 	 0.0000000000000000e+00 	 -1.9289833393822729e+01 	 -7.2572454381667058e+01 	 2.9758412375504868e+03 	 0.0000000000000000e+00
	 -1.0531140621949438e+01 	 1.9289833393822729e+01 	 0.0000000000000000e+00 	 0.0000000000000000e+00 	 0.0000000000000000e+00 	 6.8237314201880199e+03

	 0.103448 
	 2.1625204240765705e+09 	 8.7476543014730528e+07 	 0.0000000000000000e+00 	 0.0000000000000000e+00 	 0.0000000000000000e+00 	 2.9164653005456001e+08
	 8.7476543014392197e+07 	 3.0115279829724207e+09 	 0.0000000000000000e+00 	 0.0000000000000000e+00 	 0.0000000000000000e+00 	 8.4745949259621501e+07
	 0.0000000000000000e+00 	 0.0000000000000000e+00 	 1.9973889896032265e+10 	 9.7992851390949416e+08 	 -2.9669042900215650e+08 	 0.0000000000000000e+00
	 0.0000000000000000e+00 	 0.0000000000000000e+00 	 9.7992851390967822e+08 	 4.5890581225367081e+10 	 -1.9795781621844192e+09 	 0.0000000000000000e+00
	 0.0000000000000000e+00 	 0.0000000000000000e+00 	 -2.9669042900205594e+08 	 -1.9795781621839898e+09 	 2.9383137351822826e+10 	 0.0000000000000000e+00
	 2.9164653005457073e+08 	 8.4745949259653866e+07 	 0.0000000000000000e+00 	 0.0000000000000000e+00 	 0.0000000000000000e+00 	 1.7154023282943295e+10

	 1.4189507880807760e+03 	 0.0000000000000000e+00 	 0.0000000000000000e+00 	 0.0000000000000000e+00 	 0.0000000000000000e+00 	 2.2430891839268035e+00
	 0.0000000000000000e+00 	 1.4189507880807760e+03 	 0.0000000000000000e+00 	 0.0000000000000000e+00 	 0.0000000000000000e+00 	 2.2921229931006554e+01
	 0.0000000000000000e+00 	 0.0000000000000000e+00 	 1.4189507880807760e+03 	 -2.2430891839268035e+00 	 -2.2921229931006554e+01 	 0.0000000000000000e+00
	 0.0000000000000000e+00 	 0.0000000000000000e+00 	 -2.2430891839268035e+00 	 3.0462497180041291e+03 	 -1.1820442183945289e+02 	 0.0000000000000000e+00
	 0.0000000000000000e+00 	 0.0000000000000000e+00 	 -2.2921229931006554e+01 	 -1.1820442183945289e+02 	 2.0132471244684539e+03 	 0.0000000000000000e+00
	 2.2430891839268035e+00 	 2.2921229931006554e+01 	 0.0000000000000000e+00 	 0.0000000000000000e+00 	 0.0000000000000000e+00 	 5.0594968424725630e+03

	 0.137931 
	 1.3933528363497183e+09 	 7.4315060814411819e+07 	 0.0000000000000000e+00 	 0.0000000000000000e+00 	 0.0000000000000000e+00 	 4.0674328101719809e+08
	 7.4315060814421520e+07 	 2.3867372769411535e+09 	 0.0000000000000000e+00 	 0.0000000000000000e+00 	 0.0000000000000000e+00 	 1.0084080028988671e+08
	 0.0000000000000000e+00 	 0.0000000000000000e+00 	 1.6516502169639656e+10 	 1.1627591761212478e+09 	 -3.1669091459157908e+08 	 0.0000000000000000e+00
	 0.0000000000000000e+00 	 0.0000000000000000e+00 	 1.1627591761207876e+09 	 3.8097393596633759e+10 	 -1.9189816673746521e+09 	 0.0000000000000000e+00
	 0.0000000000000000e+00 	 0.0000000000000000e+00 	 -3.1669091459193748e+08 	 -1.9189816673745530e+09 	 1.9312222390918652e+10 	 0.0000000000000000e+00
	 4.0674328101725215e+08 	 1.0084080028980277e+08 	 0.0000000000000000e+00 	 0.0000000000000000e+00 	 0.0000000000000000e+00 	 1.0494085824614664e+10

	 1.1425597218058690e+03 	 0.0000000000000000e+00 	 0.0000000000000000e+00 	 0.0000000000000000e+00 	 0.0000000000000000e+00 	 1.3072862093415266e-02
	 0.0000000000000000e+00 	 1.1425597218058690e+03 	 0.0000000000000000e+00 	 0.0000000000000000e+00 	 0.0000000000000000e+00 	 2.3083484407835993e+01
	 0.0000000000000000e+00 	 0.0000000000000000e+00 	 1.1425597218058690e+03 	 -1.3072862093415266e-02 	 -2.3083484407835993e+01 	 0.0000000000000000e+00
	 0.0000000000000000e+00 	 0.0000000000000000e+00 	 -1.3072862093415266e-02 	 2.4622246719999666e+03 	 -1.0631041983738808e+02 	 0.0000000000000000e+00
	 0.0000000000000000e+00 	 0.0000000000000000e+00 	 -2.3083484407835993e+01 	 -1.0631041983738808e+02 	 1.2756532804157932e+03 	 0.0000000000000000e+00
	 1.3072862093415266e-02 	 2.3083484407835993e+01 	 0.0000000000000000e+00 	 0.0000000000000000e+00 	 0.0000000000000000e+00 	 3.7378779524157694e+03

	 0.172414 
	 8.6796713248318934e+08 	 6.3893862046266623e+07 	 0.0000000000000000e+00 	 0.0000000000000000e+00 	 0.0000000000000000e+00 	 4.7544996071562266e+08
	 6.3893862046224736e+07 	 1.8243303006634119e+09 	 0.0000000000000000e+00 	 0.0000000000000000e+00 	 0.0000000000000000e+00 	 1.0216585721587226e+08
	 0.0000000000000000e+00 	 0.0000000000000000e+00 	 1.4110782644254955e+10 	 9.4150594338832903e+08 	 -3.1617681106754410e+08 	 0.0000000000000000e+00
	 0.0000000000000000e+00 	 0.0000000000000000e+00 	 9.4150594338784349e+08 	 3.3046670266094128e+10 	 -1.6495724004364967e+09 	 0.0000000000000000e+00
	 0.0000000000000000e+00 	 0.0000000000000000e+00 	 -3.1617681106721371e+08 	 -1.6495724004369540e+09 	 1.2581520326656527e+10 	 0.0000000000000000e+00
	 4.7544996071554762e+08 	 1.0216585721594682e+08 	 0.0000000000000000e+00 	 0.0000000000000000e+00 	 0.0000000000000000e+00 	 5.9831433357198343e+09

	 9.4129268558141405e+02 	 0.0000000000000000e+00 	 0.0000000000000000e+00 	 0.0000000000000000e+00 	 0.0000000000000000e+00 	 1.1639520534908190e+01
	 0.0000000000000000e+00 	 9.4129268558141405e+02 	 0.0000000000000000e+00 	 0.0000000000000000e+00 	 0.0000000000000000e+00 	 2.2130777414202882e+01
	 0.0000000000000000e+00 	 0.0000000000000000e+00 	 9.4129268558141405e+02 	 -1.1639520534908190e+01 	 -2.2130777414202882e+01 	 0.0000000000000000e+00
	 0.0000000000000000e+00 	 0.0000000000000000e+00 	 -1.1639520534908190e+01 	 2.0675624201584146e+03 	 -8.8849270782315742e+01 	 0.0000000000000000e+00
	 0.0000000000000000e+00 	 0.0000000000000000e+00 	 -2.2130777414202882e+01 	 -8.8849270782315742e+01 	 7.9104743363255648e+02 	 0.0000000000000000e+00
	 1.1639520534908190e+01 	 2.2130777414202882e+01 	 0.0000000000000000e+00 	 0.0000000000000000e+00 	 0.0000000000000000e+00 	 2.8586098537909661e+03

	 0.206897 
	 5.7796044740923798e+08 	 4.7053930530731805e+07 	 0.0000000000000000e+00 	 0.0000000000000000e+00 	 0.0000000000000000e+00 	 4.1855460507585627e+08
	 4.7053930531012043e+07 	 1.3496445024908962e+09 	 0.0000000000000000e+00 	 0.0000000000000000e+00 	 0.0000000000000000e+00 	 9.3775902921722844e+07
	 0.0000000000000000e+00 	 0.0000000000000000e+00 	 1.2683569505192102e+10 	 9.2011547442050278e+08 	 -3.4335545424449629e+08 	 0.0000000000000000e+00
	 0.0000000000000000e+00 	 0.0000000000000000e+00 	 9.2011547442089176e+08 	 3.0566999204851143e+10 	 -1.2942667522389970e+09 	 0.0000000000000000e+00
	 0.0000000000000000e+00 	 0.0000000000000000e+00 	 -3.4335545424457842e+08 	 -1.2942667522388456e+09 	 8.9818353406923237e+09 	 0.0000000000000000e+00
	 4.1855460507587487e+08 	 9.3775902921586797e+07 	 0.0000000000000000e+00 	 0.0000000000000000e+00 	 0.0000000000000000e+00 	 3.5282397292282791e+09

	 8.1131242941681046e+02 	 0.0000000000000000e+00 	 0.0000000000000000e+00 	 0.0000000000000000e+00 	 0.0000000000000000e+00 	 2.0833095334861285e+00
	 0.0000000000000000e+00 	 8.1131242941681046e+02 	 0.0000000000000000e+00 	 0.0000000000000000e+00 	 0.0000000000000000e+00 	 2.3488218439426138e+01
	 0.0000000000000000e+00 	 0.0000000000000000e+00 	 8.1131242941681046e+02 	 -2.0833095334861285e+00 	 -2.3488218439426138e+01 	 0.0000000000000000e+00
	 0.0000000000000000e+00 	 0.0000000000000000e+00 	 -2.0833095334861285e+00 	 1.8364148916118154e+03 	 -6.9584176113192811e+01 	 0.0000000000000000e+00
	 0.0000000000000000e+00 	 0.0000000000000000e+00 	 -2.3488218439426138e+01 	 -6.9584176113192811e+01 	 5.3482975504296610e+02 	 0.0000000000000000e+00
	 2.0833095334861285e+00 	 2.3488218439426138e+01 	 0.0000000000000000e+00 	 0.0000000000000000e+00 	 0.0000000000000000e+00 	 2.3712446466547826e+03

	 0.241379 
	 4.0047855616204804e+08 	 2.7502092358353689e+07 	 0.0000000000000000e+00 	 0.0000000000000000e+00 	 0.0000000000000000e+00 	 3.5507683844039029e+08
	 2.7502092358505666e+07 	 1.0005126893745770e+09 	 0.0000000000000000e+00 	 0.0000000000000000e+00 	 0.0000000000000000e+00 	 8.0344123820055932e+07
	 0.0000000000000000e+00 	 0.0000000000000000e+00 	 1.2130721299506327e+10 	 8.3686492589892805e+08 	 -3.6928549699295563e+08 	 0.0000000000000000e+00
	 0.0000000000000000e+00 	 0.0000000000000000e+00 	 8.3686492589896214e+08 	 3.0472437882382515e+10 	 -9.4685089895545292e+08 	 0.0000000000000000e+00
	 0.0000000000000000e+00 	 0.0000000000000000e+00 	 -3.6928549699340391e+08 	 -9.4685089895570481e+08 	 6.5349105953877001e+09 	 0.0000000000000000e+00
	 3.5507683844034779e+08 	 8.0344123820090219e+07 	 0.0000000000000000e+00 	 0.0000000000000000e+00 	 0.0000000000000000e+00 	 2.0668279831234663e+09

	 7.3991388873711992e+02 	 0.0000000000000000e+00 	 0.0000000000000000e+00 	 0.0000000000000000e+00 	 0.0000000000000000e+00 	 -2.0782410931934137e+00
	 0.0000000000000000e+00 	 7.3991388873711992e+02 	 0.0000000000000000e+00 	 0.0000000000000000e+00 	 0.0000000000000000e+00 	 2.4754047076925858e+01
	 0.0000000000000000e+00 	 0.0000000000000000e+00 	 7.3991388873711992e+02 	 2.0782410931934137e+00 	 -2.4754047076925858e+01 	 0.0000000000000000e+00
	 0.0000000000000000e+00 	 0.0000000000000000e+00 	 2.0782410931934137e+00 	 1.7459672624569746e+03 	 -5.1757412864091044e+01 	 0.0000000000000000e+00
	 0.0000000000000000e+00 	 0.0000000000000000e+00 	 -2.4754047076925858e+01 	 -5.1757412864091044e+01 	 3.6859389101499886e+02 	 0.0000000000000000e+00
	 -2.0782410931934137e+00 	 2.4754047076925858e+01 	 0.0000000000000000e+00 	 0.0000000000000000e+00 	 0.0000000000000000e+00 	 2.1145611534719746e+03

	 0.275862 
	 3.2605558801948768e+08 	 1.5748334619520931e+07 	 0.0000000000000000e+00 	 0.0000000000000000e+00 	 0.0000000000000000e+00 	 3.0941584579208422e+08
	 1.5748334619476069e+07 	 7.7245768625548387e+08 	 0.0000000000000000e+00 	 0.0000000000000000e+00 	 0.0000000000000000e+00 	 6.1194724165621623e+07
	 0.0000000000000000e+00 	 0.0000000000000000e+00 	 1.2086123024559399e+10 	 2.5609221739286089e+08 	 -3.2110022387691158e+08 	 0.0000000000000000e+00
	 0.0000000000000000e+00 	 0.0000000000000000e+00 	 2.5609221739244667e+08 	 3.0485607040134739e+10 	 -7.5406568680747700e+08 	 0.0000000000000000e+00
	 0.0000000000000000e+00 	 0.0000000000000000e+00 	 -3.2110022387707758e+08 	 -7.5406568680738473e+08 	 5.7397551903492374e+09 	 0.0000000000000000e+00
	 3.0941584579211557e+08 	 6.1194724165636308e+07 	 0.0000000000000000e+00 	 0.0000000000000000e+00 	 0.0000000000000000e+00 	 1.4651016666753981e+09

	 7.1046985332688030e+02 	 0.0000000000000000e+00 	 0.0000000000000000e+00 	 0.0000000000000000e+00 	 0.0000000000000000e+00 	 1.9338447134620608e+01
	 0.0000000000000000e+00 	 7.1046985332688030e+02 	 0.0000000000000000e+00 	 0.0000000000000000e+00 	 0.0000000000000000e+00 	 2.1467238828425316e+01
	 0.0000000000000000e+00 	 0.0000000000000000e+00 	 7.1046985332688030e+02 	 -1.9338447134620608e+01 	 -2.1467238828425316e+01 	 0.0000000000000000e+00
	 0.0000000000000000e+00 	 0.0000000000000000e+00 	 -1.9338447134620608e+01 	 1.6921275175666144e+03 	 -4.2100785572164760e+01 	 0.0000000000000000e+00
	 0.0000000000000000e+00 	 0.0000000000000000e+00 	 -2.1467238828425316e+01 	 -4.2100785572164760e+01 	 3.1094363695666379e+02 	 0.0000000000000000e+00
	 1.9338447134620608e+01 	 2.1467238828425316e+01 	 0.0000000000000000e+00 	 0.0000000000000000e+00 	 0.0000000000000000e+00 	 2.0030711545232768e+03

	 0.310345 
	 2.8301709132785982e+08 	 9.8339317834483925e+06 	 0.0000000000000000e+00 	 0.0000000000000000e+00 	 0.0000000000000000e+00 	 2.6818720817615786e+08
	 9.8339317833491135e+06 	 6.4358089454123116e+08 	 0.0000000000000000e+00 	 0.0000000000000000e+00 	 0.0000000000000000e+00 	 4.9212880435409136e+07
	 0.0000000000000000e+00 	 0.0000000000000000e+00 	 1.2496045021330202e+10 	 2.8447570665842938e+08 	 -2.4930564296984953e+08 	 0.0000000000000000e+00
	 0.0000000000000000e+00 	 0.0000000000000000e+00 	 2.8447570665866739e+08 	 3.1252482764514114e+10 	 -6.6900897108729744e+08 	 0.0000000000000000e+00
	 0.0000000000000000e+00 	 0.0000000000000000e+00 	 -2.4930564296968389e+08 	 -6.6900897108735394e+08 	 5.1882419018857632e+09 	 0.0000000000000000e+00
	 2.6818720817618713e+08 	 4.9212880435440786e+07 	 0.0000000000000000e+00 	 0.0000000000000000e+00 	 0.0000000000000000e+00 	 1.1168331032848978e+09

	 7.0973558566120732e+02 	 0.0000000000000000e+00 	 0.0000000000000000e+00 	 0.0000000000000000e+00 	 0.0000000000000000e+00 	 1.0417623644110858e+01
	 0.0000000000000000e+00 	 7.0973558566120732e+02 	 0.0000000000000000e+00 	 0.0000000000000000e+00 	 0.0000000000000000e+00 	 1.6912334080605014e+01
	 0.0000000000000000e+00 	 0.0000000000000000e+00 	 7.0973558566120732e+02 	 -1.0417623644110858e+01 	 -1.6912334080605014e+01 	 0.0000000000000000e+00
	 0.0000000000000000e+00 	 0.0000000000000000e+00 	 -1.0417623644110858e+01 	 1.6803347146534206e+03 	 -3.7598089710064563e+01 	 0.0000000000000000e+00
	 0.0000000000000000e+00 	 0.0000000000000000e+00 	 -1.6912334080605014e+01 	 -3.7598089710064563e+01 	 2.7289233025309130e+02 	 0.0000000000000000e+00
	 1.0417623644110858e+01 	 1.6912334080605014e+01 	 0.0000000000000000e+00 	 0.0000000000000000e+00 	 0.0000000000000000e+00 	 1.9532270449065145e+03

	 0.344828 
	 2.4693637414076903e+08 	 7.1459479461280107e+06 	 0.0000000000000000e+00 	 0.0000000000000000e+00 	 0.0000000000000000e+00 	 2.2199281803620762e+08
	 7.1459479463218572e+06 	 5.6931299121444428e+08 	 0.0000000000000000e+00 	 0.0000000000000000e+00 	 0.0000000000000000e+00 	 3.6592060578359976e+07
	 0.0000000000000000e+00 	 0.0000000000000000e+00 	 1.2514117826874458e+10 	 -4.7989615447252882e+08 	 -1.7205667807274914e+08 	 0.0000000000000000e+00
	 0.0000000000000000e+00 	 0.0000000000000000e+00 	 -4.7989615447240108e+08 	 2.7443732472288654e+10 	 -5.8845478641201854e+08 	 0.0000000000000000e+00
	 0.0000000000000000e+00 	 0.0000000000000000e+00 	 -1.7205667807246944e+08 	 -5.8845478641203666e+08 	 4.4232475334796638e+09 	 0.0000000000000000e+00
	 2.2199281803614408e+08 	 3.6592060578261562e+07 	 0.0000000000000000e+00 	 0.0000000000000000e+00 	 0.0000000000000000e+00 	 8.4092264895588255e+08

	 6.9463534007210421e+02 	 0.0000000000000000e+00 	 0.0000000000000000e+00 	 0.0000000000000000e+00 	 0.0000000000000000e+00 	 3.4262332694517845e+01
	 0.0000000000000000e+00 	 6.9463534007210421e+02 	 0.0000000000000000e+00 	 0.0000000000000000e+00 	 0.0000000000000000e+00 	 1.2225550158519054e+01
	 0.0000000000000000e+00 	 0.0000000000000000e+00 	 6.9463534007210421e+02 	 -3.4262332694517845e+01 	 -1.2225550158519054e+01 	 0.0000000000000000e+00
	 0.0000000000000000e+00 	 0.0000000000000000e+00 	 -3.4262332694517845e+01 	 1.4639453978322863e+03 	 -3.3225495522066055e+01 	 0.0000000000000000e+00
	 0.0000000000000000e+00 	 0.0000000000000000e+00 	 -1.2225550158519054e+01 	 -3.3225495522066055e+01 	 2.2754578303067265e+02 	 0.0000000000000000e+00
	 3.4262332694517845e+01 	 1.2225550158519054e+01 	 0.0000000000000000e+00 	 0.0000000000000000e+00 	 0.0000000000000000e+00 	 1.6914911808629581e+03

	 0.379310 
	 2.2193215881712347e+08 	 9.4460183955643792e+06 	 0.0000000000000000e+00 	 0.0000000000000000e+00 	 0.0000000000000000e+00 	 1.9311944561309710e+08
	 9.4460183954840321e+06 	 5.2056518598512626e+08 	 0.0000000000000000e+00 	 0.0000000000000000e+00 	 0.0000000000000000e+00 	 2.8086623108891189e+07
	 0.0000000000000000e+00 	 0.0000000000000000e+00 	 1.2068185944795973e+10 	 -1.9394858973738947e+09 	 -1.9256841545382351e+08 	 0.0000000000000000e+00
	 0.0000000000000000e+00 	 0.0000000000000000e+00 	 -1.9394858973724935e+09 	 2.0694008736642544e+10 	 -4.8699718716787666e+08 	 0.0000000000000000e+00
	 0.0000000000000000e+00 	 0.0000000000000000e+00 	 -1.9256841545414111e+08 	 -4.8699718716781241e+08 	 3.7773222167589574e+09 	 0.0000000000000000e+00
	 1.9311944561320376e+08 	 2.8086623108903214e+07 	 0.0000000000000000e+00 	 0.0000000000000000e+00 	 0.0000000000000000e+00 	 6.7129801545548010e+08

	 6.5967111965194863e+02 	 0.0000000000000000e+00 	 0.0000000000000000e+00 	 0.0000000000000000e+00 	 0.0000000000000000e+00 	 9.4864387711325051e+01
	 0.0000000000000000e+00 	 6.5967111965194863e+02 	 0.0000000000000000e+00 	 0.0000000000000000e+00 	 0.0000000000000000e+00 	 1.2832331690442343e+01
	 0.0000000000000000e+00 	 0.0000000000000000e+00 	 6.5967111965194863e+02 	 -9.4864387711325051e+01 	 -1.2832331690442343e+01 	 0.0000000000000000e+00
	 0.0000000000000000e+00 	 0.0000000000000000e+00 	 -9.4864387711325051e+01 	 1.1141980976658772e+03 	 -2.7413054372364432e+01 	 0.0000000000000000e+00
	 0.0000000000000000e+00 	 0.0000000000000000e+00 	 -1.2832331690442343e+01 	 -2.7413054372364432e+01 	 1.9122122595909767e+02 	 0.0000000000000000e+00
	 9.4864387711325051e+01 	 1.2832331690442343e+01 	 0.0000000000000000e+00 	 0.0000000000000000e+00 	 0.0000000000000000e+00 	 1.3054193236249725e+03

	 0.413793 
	 2.0028331776484621e+08 	 1.0472337963314835e+07 	 0.0000000000000000e+00 	 0.0000000000000000e+00 	 0.0000000000000000e+00 	 1.6280306190680560e+08
	 1.0472337963264875e+07 	 4.8612457510073543e+08 	 0.0000000000000000e+00 	 0.0000000000000000e+00 	 0.0000000000000000e+00 	 2.4120188820774894e+07
	 0.0000000000000000e+00 	 0.0000000000000000e+00 	 1.1693740667499329e+10 	 -2.2954873188068218e+09 	 -2.3090512197014645e+08 	 0.0000000000000000e+00
	 0.0000000000000000e+00 	 0.0000000000000000e+00 	 -2.2954873188058987e+09 	 1.6366064669799458e+10 	 -3.8854408367917722e+08 	 0.0000000000000000e+00
	 0.0000000000000000e+00 	 0.0000000000000000e+00 	 -2.3090512197005934e+08 	 -3.8854408367920548e+08 	 3.1456192814142156e+09 	 0.0000000000000000e+00
	 1.6280306190676665e+08 	 2.4120188820714895e+07 	 0.0000000000000000e+00 	 0.0000000000000000e+00 	 0.0000000000000000e+00 	 5.3129762943268692e+08

	 6.2987274140428690e+02 	 0.0000000000000000e+00 	 0.0000000000000000e+00 	 0.0000000000000000e+00 	 0.0000000000000000e+00 	 1.0601642871316810e+02
	 0.0000000000000000e+00 	 6.2987274140428690e+02 	 0.0000000000000000e+00 	 0.0000000000000000e+00 	 0.0000000000000000e+00 	 1.4254613419280988e+01
	 0.0000000000000000e+00 	 0.0000000000000000e+00 	 6.2987274140428690e+02 	 -1.0601642871316810e+02 	 -1.4254613419280988e+01 	 0.0000000000000000e+00
	 0.0000000000000000e+00 	 0.0000000000000000e+00 	 -1.0601642871316810e+02 	 8.8267784761634221e+02 	 -2.1779715845931047e+01 	 0.0000000000000000e+00
	 0.0000000000000000e+00 	 0.0000000000000000e+00 	 -1.4254613419280988e+01 	 -2.1779715845931047e+01 	 1.5740498470950692e+02 	 0.0000000000000000e+00
	 1.0601642871316810e+02 	 1.4254613419280988e+01 	 0.0000000000000000e+00 	 0.0000000000000000e+00 	 0.0000000000000000e+00 	 1.0400828323258481e+03

	 0.448276 
	 1.1722415526363872e+08 	 7.0819925179223847e+06 	 0.0000000000000000e+00 	 0.0000000000000000e+00 	 0.0000000000000000e+00 	 9.3686125187879771e+07
	 7.0819925178758251e+06 	 4.5852432214260846e+08 	 0.0000000000000000e+00 	 0.0000000000000000e+00 	 0.0000000000000000e+00 	 2.9321968323220208e+07
	 0.0000000000000000e+00 	 0.0000000000000000e+00 	 1.2049299892109720e+10 	 1.3264882812629086e+08 	 -2.9224415599112725e+08 	 0.0000000000000000e+00
	 0.0000000000000000e+00 	 0.0000000000000000e+00 	 1.3264882812611811e+08 	 1.8912581949673973e+10 	 -3.7797384068176937e+08 	 0.0000000000000000e+00
	 0.0000000000000000e+00 	 0.0000000000000000e+00 	 -2.9224415599126869e+08 	 -3.7797384068177295e+08 	 2.5362602525288920e+09 	 0.0000000000000000e+00
	 9.3686125187821493e+07 	 2.9321968323335264e+07 	 0.0000000000000000e+00 	 0.0000000000000000e+00 	 0.0000000000000000e+00 	 3.7299898320936185e+08

	 6.2989469721139540e+02 	 0.0000000000000000e+00 	 0.0000000000000000e+00 	 0.0000000000000000e+00 	 0.0000000000000000e+00 	 -1.5025856593349950e+01
	 0.0000000000000000e+00 	 6.2989469721139540e+02 	 0.0000000000000000e+00 	 0.0000000000000000e+00 	 0.0000000000000000e+00 	 1.6617815335684256e+01
	 0.0000000000000000e+00 	 0.0000000000000000e+00 	 6.2989469721139540e+02 	 1.5025856593349950e+01 	 -1.6617815335684256e+01 	 0.0000000000000000e+00
	 0.0000000000000000e+00 	 0.0000000000000000e+00 	 1.5025856593349950e+01 	 9.7732499183960454e+02 	 -2.0428203850292988e+01 	 0.0000000000000000e+00
	 0.0000000000000000e+00 	 0.0000000000000000e+00 	 -1.6617815335684256e+01 	 -2.0428203850292988e+01 	 1.2528576560481011e+02 	 0.0000000000000000e+00
	 -1.5025856593349950e+01 	 1.6617815335684256e+01 	 0.0000000000000000e+00 	 0.0000000000000000e+00 	 0.0000000000000000e+00 	 1.1026107574444165e+03

	 0.482759 
	 1.0281994674691588e+08 	 6.4919005327338530e+06 	 0.0000000000000000e+00 	 0.0000000000000000e+00 	 0.0000000000000000e+00 	 7.6637780168406665e+07
	 6.4919005324525042e+06 	 4.2151947634428018e+08 	 0.0000000000000000e+00 	 0.0000000000000000e+00 	 0.0000000000000000e+00 	 2.6825632370214555e+07
	 0.0000000000000000e+00 	 0.0000000000000000e+00 	 1.1296338506746946e+10 	 9.5011019869532719e+07 	 -3.0971633742256051e+08 	 0.0000000000000000e+00
	 0.0000000000000000e+00 	 0.0000000000000000e+00 	 9.5011019869458169e+07 	 1.5318228072546532e+10 	 -2.9247871861291623e+08 	 0.0000000000000000e+00
	 0.0000000000000000e+00 	 0.0000000000000000e+00 	 -3.0971633742244631e+08 	 -2.9247871861293405e+08 	 1.9643627011966305e+09 	 0.0000000000000000e+00
	 7.6637780168383852e+07 	 2.6825632370289493e+07 	 0.0000000000000000e+00 	 0.0000000000000000e+00 	 0.0000000000000000e+00 	 2.8258471200679344e+08

	 5.8484166346617974e+02 	 0.0000000000000000e+00 	 0.0000000000000000e+00 	 0.0000000000000000e+00 	 0.0000000000000000e+00 	 -1.3751443980362158e+01
	 0.0000000000000000e+00 	 5.8484166346617974e+02 	 0.0000000000000000e+00 	 0.0000000000000000e+00 	 0.0000000000000000e+00 	 1.7020864119549902e+01
	 0.0000000000000000e+00 	 0.0000000000000000e+00 	 5.8484166346617974e+02 	 1.3751443980362158e+01 	 -1.7020864119549902e+01 	 0.0000000000000000e+00
	 0.0000000000000000e+00 	 0.0000000000000000e+00 	 1.3751443980362158e+01 	 7.8820373000999416e+02 	 -1.5762010624322043e+01 	 0.0000000000000000e+00
	 0.0000000000000000e+00 	 0.0000000000000000e+00 	 -1.7020864119549902e+01 	 -1.5762010624322043e+01 	 9.6363853229870287e+01 	 0.0000000000000000e+00
	 -1.3751443980362158e+01 	 1.7020864119549902e+01 	 0.0000000000000000e+00 	 0.0000000000000000e+00 	 0.0000000000000000e+00 	 8.8456758323986378e+02

	 0.517241 
	 8.8919742611584410e+07 	 5.6827729381950283e+06 	 0.0000000000000000e+00 	 0.0000000000000000e+00 	 0.0000000000000000e+00 	 6.0612664960151896e+07
	 5.6827729381005056e+06 	 3.8121970761120433e+08 	 0.0000000000000000e+00 	 0.0000000000000000e+00 	 0.0000000000000000e+00 	 2.3906792305289261e+07
	 0.0000000000000000e+00 	 0.0000000000000000e+00 	 1.0326730728284433e+10 	 5.0845344375018105e+07 	 -3.0927634724518949e+08 	 0.0000000000000000e+00
	 0.0000000000000000e+00 	 0.0000000000000000e+00 	 5.0845344375300013e+07 	 1.1763462155045187e+10 	 -2.1210908313159508e+08 	 0.0000000000000000e+00
	 0.0000000000000000e+00 	 0.0000000000000000e+00 	 -3.0927634724522644e+08 	 -2.1210908313150659e+08 	 1.4659282726091518e+09 	 0.0000000000000000e+00
	 6.0612664960169278e+07 	 2.3906792305384304e+07 	 0.0000000000000000e+00 	 0.0000000000000000e+00 	 0.0000000000000000e+00 	 2.0604819307107040e+08

	 5.3059571693650446e+02 	 0.0000000000000000e+00 	 0.0000000000000000e+00 	 0.0000000000000000e+00 	 0.0000000000000000e+00 	 -1.1722725069417010e+01
	 0.0000000000000000e+00 	 5.3059571693650446e+02 	 0.0000000000000000e+00 	 0.0000000000000000e+00 	 0.0000000000000000e+00 	 1.6668706148240911e+01
	 0.0000000000000000e+00 	 0.0000000000000000e+00 	 5.3059571693650446e+02 	 1.1722725069417010e+01 	 -1.6668706148240911e+01 	 0.0000000000000000e+00
	 0.0000000000000000e+00 	 0.0000000000000000e+00 	 1.1722725069417010e+01 	 6.0459717534715003e+02 	 -1.1530233499500349e+01 	 0.0000000000000000e+00
	 0.0000000000000000e+00 	 0.0000000000000000e+00 	 -1.6668706148240911e+01 	 -1.1530233499500349e+01 	 7.1479869367241392e+01 	 0.0000000000000000e+00
	 -1.1722725069417010e+01 	 1.6668706148240911e+01 	 0.0000000000000000e+00 	 0.0000000000000000e+00 	 0.0000000000000000e+00 	 6.7607704471439206e+02

	 0.551724 
	 7.8706890178965911e+07 	 4.8576071057679243e+06 	 0.0000000000000000e+00 	 0.0000000000000000e+00 	 0.0000000000000000e+00 	 4.8154340579530574e+07
	 4.8576071057085674e+06 	 3.3761051297190249e+08 	 0.0000000000000000e+00 	 0.0000000000000000e+00 	 0.0000000000000000e+00 	 2.0398598657126591e+07
	 0.0000000000000000e+00 	 0.0000000000000000e+00 	 9.3473769314498444e+09 	 7.0488389701513842e+07 	 -2.8998778200334221e+08 	 0.0000000000000000e+00
	 0.0000000000000000e+00 	 0.0000000000000000e+00 	 7.0488389701527804e+07 	 8.9566633633029499e+09 	 -1.5384332825393745e+08 	 0.0000000000000000e+00
	 0.0000000000000000e+00 	 0.0000000000000000e+00 	 -2.8998778200332904e+08 	 -1.5384332825386855e+08 	 1.1335680391951497e+09 	 0.0000000000000000e+00
	 4.8154340579519078e+07 	 2.0398598657138523e+07 	 0.0000000000000000e+00 	 0.0000000000000000e+00 	 0.0000000000000000e+00 	 1.5340117185241726e+08

	 4.7731306212157796e+02 	 0.0000000000000000e+00 	 0.0000000000000000e+00 	 0.0000000000000000e+00 	 0.0000000000000000e+00 	 -1.2447805634596836e+01
	 0.0000000000000000e+00 	 4.7731306212157796e+02 	 0.0000000000000000e+00 	 0.0000000000000000e+00 	 0.0000000000000000e+00 	 1.5440080862611643e+01
	 0.0000000000000000e+00 	 0.0000000000000000e+00 	 4.7731306212157796e+02 	 1.2447805634596836e+01 	 -1.5440080862611643e+01 	 0.0000000000000000e+00
	 0.0000000000000000e+00 	 0.0000000000000000e+00 	 1.2447805634596836e+01 	 4.6059463866144938e+02 	 -8.4674430232267852e+00 	 0.0000000000000000e+00
	 0.0000000000000000e+00 	 0.0000000000000000e+00 	 -1.5440080862611643e+01 	 -8.4674430232267852e+00 	 5.4975598724512899e+01 	 0.0000000000000000e+00
	 -1.2447805634596836e+01 	 1.5440080862611643e+01 	 0.0000000000000000e+00 	 0.0000000000000000e+00 	 0.0000000000000000e+00 	 5.1557023738596320e+02

	 0.586207 
	 6.9559483186722010e+07 	 4.0200166897715195e+06 	 0.0000000000000000e+00 	 0.0000000000000000e+00 	 0.0000000000000000e+00 	 3.8272625405740216e+07
	 4.0200166897737160e+06 	 2.9383936053358370e+08 	 0.0000000000000000e+00 	 0.0000000000000000e+00 	 0.0000000000000000e+00 	 1.6956797790092390e+07
	 0.0000000000000000e+00 	 0.0000000000000000e+00 	 8.3726091572834682e+09 	 -4.4422981510014040e+06 	 -2.6207068480422360e+08 	 0.0000000000000000e+00
	 0.0000000000000000e+00 	 0.0000000000000000e+00 	 -4.4422981510349037e+06 	 6.6510514555734615e+09 	 -1.0534547539820656e+08 	 0.0000000000000000e+00
	 0.0000000000000000e+00 	 0.0000000000000000e+00 	 -2.6207068480425739e+08 	 -1.0534547539819987e+08 	 8.7646758511788094e+08 	 0.0000000000000000e+00
	 3.8272625405745417e+07 	 1.6956797790129080e+07 	 0.0000000000000000e+00 	 0.0000000000000000e+00 	 0.0000000000000000e+00 	 1.1365674605464226e+08

	 4.2508355355456683e+02 	 0.0000000000000000e+00 	 0.0000000000000000e+00 	 0.0000000000000000e+00 	 0.0000000000000000e+00 	 -8.5324400064693737e+00
	 0.0000000000000000e+00 	 4.2508355355456683e+02 	 0.0000000000000000e+00 	 0.0000000000000000e+00 	 0.0000000000000000e+00 	 1.3839003344433774e+01
	 0.0000000000000000e+00 	 0.0000000000000000e+00 	 4.2508355355456683e+02 	 8.5324400064693737e+00 	 -1.3839003344433774e+01 	 0.0000000000000000e+00
	 0.0000000000000000e+00 	 0.0000000000000000e+00 	 8.5324400064693737e+00 	 3.4299028299674177e+02 	 -5.9445064511146910e+00 	 0.0000000000000000e+00
	 0.0000000000000000e+00 	 0.0000000000000000e+00 	 -1.3839003344433774e+01 	 -5.9445064511146910e+00 	 4.2279898547766145e+01 	 0.0000000000000000e+00
	 -8.5324400064693737e+00 	 1.3839003344433774e+01 	 0.0000000000000000e+00 	 0.0000000000000000e+00 	 0.0000000000000000e+00 	 3.8527018154450747e+02

	 0.620690 
	 6.1210116548015460e+07 	 3.2028452669412661e+06 	 0.0000000000000000e+00 	 0.0000000000000000e+00 	 0.0000000000000000e+00 	 3.0965205087072689e+07
	 3.2028452669520923e+06 	 2.5545204933226603e+08 	 0.0000000000000000e+00 	 0.0000000000000000e+00 	 0.0000000000000000e+00 	 1.3969808963375233e+07
	 0.0000000000000000e+00 	 0.0000000000000000e+00 	 7.4662930182831240e+09 	 -1.3343226894689663e+08 	 -2.3412363812300897e+08 	 0.0000000000000000e+00
	 0.0000000000000000e+00 	 0.0000000000000000e+00 	 -1.3343226894685160e+08 	 4.8573743445799103e+09 	 -6.6280596764071211e+07 	 0.0000000000000000e+00
	 0.0000000000000000e+00 	 0.0000000000000000e+00 	 -2.3412363812299657e+08 	 -6.6280596764061958e+07 	 6.6510380510879874e+08 	 0.0000000000000000e+00
	 3.0965205087086581e+07 	 1.3969808963409802e+07 	 0.0000000000000000e+00 	 0.0000000000000000e+00 	 0.0000000000000000e+00 	 8.4217547154512957e+07

	 3.7659429208998415e+02 	 0.0000000000000000e+00 	 0.0000000000000000e+00 	 0.0000000000000000e+00 	 0.0000000000000000e+00 	 -1.4618471807301421e+00
	 0.0000000000000000e+00 	 3.7659429208998415e+02 	 0.0000000000000000e+00 	 0.0000000000000000e+00 	 0.0000000000000000e+00 	 1.2247128492136891e+01
	 0.0000000000000000e+00 	 0.0000000000000000e+00 	 3.7659429208998415e+02 	 1.4618471807301421e+00 	 -1.2247128492136891e+01 	 0.0000000000000000e+00
	 0.0000000000000000e+00 	 0.0000000000000000e+00 	 1.4618471807301421e+00 	 2.5076770570502998e+02 	 -3.8939475665135590e+00 	 0.0000000000000000e+00
	 0.0000000000000000e+00 	 0.0000000000000000e+00 	 -1.2247128492136891e+01 	 -3.8939475665135590e+00 	 3.1914911171612108e+01 	 0.0000000000000000e+00
	 -1.4618471807301421e+00 	 1.2247128492136891e+01 	 0.0000000000000000e+00 	 0.0000000000000000e+00 	 0.0000000000000000e+00 	 2.8268261687664148e+02

	 0.655172 
	 5.3783654577933013e+07 	 2.6927632376399203e+06 	 0.0000000000000000e+00 	 0.0000000000000000e+00 	 0.0000000000000000e+00 	 2.5261909444793925e+07
	 2.6927632376598981e+06 	 2.2347650875375852e+08 	 0.0000000000000000e+00 	 0.0000000000000000e+00 	 0.0000000000000000e+00 	 1.2109929468848661e+07
	 0.0000000000000000e+00 	 0.0000000000000000e+00 	 6.5788557139980459e+09 	 -2.0818535758774966e+08 	 -2.2298389522115490e+08 	 0.0000000000000000e+00
	 0.0000000000000000e+00 	 0.0000000000000000e+00 	 -2.0818535758773813e+08 	 3.4992449742534523e+09 	 -3.5110670291736647e+07 	 0.0000000000000000e+00
	 0.0000000000000000e+00 	 0.0000000000000000e+00 	 -2.2298389522114751e+08 	 -3.5110670291745834e+07 	 4.9024169845919126e+08 	 0.0000000000000000e+00
	 2.5261909444787193e+07 	 1.2109929468842030e+07 	 0.0000000000000000e+00 	 0.0000000000000000e+00 	 0.0000000000000000e+00 	 6.2502533398136102e+07

	 3.3007741031611204e+02 	 0.0000000000000000e+00 	 0.0000000000000000e+00 	 0.0000000000000000e+00 	 0.0000000000000000e+00 	 3.4546370569901441e+00
	 0.0000000000000000e+00 	 3.3007741031611204e+02 	 0.0000000000000000e+00 	 0.0000000000000000e+00 	 0.0000000000000000e+00 	 1.1381901606871583e+01
	 0.0000000000000000e+00 	 0.0000000000000000e+00 	 3.3007741031611204e+02 	 -3.4546370569901441e+00 	 -1.1381901606871583e+01 	 0.0000000000000000e+00
	 0.0000000000000000e+00 	 0.0000000000000000e+00 	 -3.4546370569901441e+00 	 1.8074185035283648e+02 	 -2.2443831358032154e+00 	 0.0000000000000000e+00
	 0.0000000000000000e+00 	 0.0000000000000000e+00 	 -1.1381901606871583e+01 	 -2.2443831358032154e+00 	 2.3429834580670008e+01 	 0.0000000000000000e+00
	 3.4546370569901441e+00 	 1.1381901606871583e+01 	 0.0000000000000000e+00 	 0.0000000000000000e+00 	 0.0000000000000000e+00 	 2.0417168493350718e+02

	 0.689655 
	 4.7146553376630448e+07 	 2.3401427442726898e+06 	 0.0000000000000000e+00 	 0.0000000000000000e+00 	 0.0000000000000000e+00 	 2.0692374711164486e+07
	 2.3401427442073659e+06 	 2.0078017850820372e+08 	 0.0000000000000000e+00 	 0.0000000000000000e+00 	 0.0000000000000000e+00 	 1.0909178726367557e+07
	 0.0000000000000000e+00 	 0.0000000000000000e+00 	 5.7297044290074177e+09 	 -2.1505927577624336e+08 	 -2.0720243016207358e+08 	 0.0000000000000000e+00
	 0.0000000000000000e+00 	 0.0000000000000000e+00 	 -2.1505927577624786e+08 	 2.5133616040975757e+09 	 -1.6001338068426203e+07 	 0.0000000000000000e+00
	 0.0000000000000000e+00 	 0.0000000000000000e+00 	 -2.0720243016204584e+08 	 -1.6001338068434566e+07 	 3.4982395013417727e+08 	 0.0000000000000000e+00
	 2.0692374711154379e+07 	 1.0909178726394190e+07 	 0.0000000000000000e+00 	 0.0000000000000000e+00 	 0.0000000000000000e+00 	 4.6842926389906533e+07

	 2.8596872355639618e+02 	 0.0000000000000000e+00 	 0.0000000000000000e+00 	 0.0000000000000000e+00 	 0.0000000000000000e+00 	 5.3759683066862003e+00
	 0.0000000000000000e+00 	 2.8596872355639618e+02 	 0.0000000000000000e+00 	 0.0000000000000000e+00 	 0.0000000000000000e+00 	 1.0331803432061049e+01
	 0.0000000000000000e+00 	 0.0000000000000000e+00 	 2.8596872355639618e+02 	 -5.3759683066862003e+00 	 -1.0331803432061049e+01 	 0.0000000000000000e+00
	 0.0000000000000000e+00 	 0.0000000000000000e+00 	 -5.3759683066862003e+00 	 1.2940614326450626e+02 	 -1.1742205757295086e+00 	 0.0000000000000000e+00
	 0.0000000000000000e+00 	 0.0000000000000000e+00 	 -1.0331803432061049e+01 	 -1.1742205757295086e+00 	 1.6668547926794982e+01 	 0.0000000000000000e+00
	 5.3759683066862003e+00 	 1.0331803432061049e+01 	 0.0000000000000000e+00 	 0.0000000000000000e+00 	 0.0000000000000000e+00 	 1.4607469119130181e+02

	 0.724138 
	 4.0968714645077676e+07 	 1.8996147327216407e+06 	 0.0000000000000000e+00 	 0.0000000000000000e+00 	 0.0000000000000000e+00 	 1.6270830672041873e+07
	 1.8996147327213737e+06 	 1.8108477735467416e+08 	 0.0000000000000000e+00 	 0.0000000000000000e+00 	 0.0000000000000000e+00 	 9.0008412296329457e+06
	 0.0000000000000000e+00 	 0.0000000000000000e+00 	 4.8065975563842316e+09 	 -1.5217003780702060e+08 	 -1.6555804201619717e+08 	 0.0000000000000000e+00
	 0.0000000000000000e+00 	 0.0000000000000000e+00 	 -1.5217003780699211e+08 	 1.7425444009812150e+09 	 -1.0101659868319666e+07 	 0.0000000000000000e+00
	 0.0000000000000000e+00 	 0.0000000000000000e+00 	 -1.6555804201621884e+08 	 -1.0101659868318539e+07 	 2.3518622110230654e+08 	 0.0000000000000000e+00
	 1.6270830672046309e+07 	 9.0008412296356019e+06 	 0.0000000000000000e+00 	 0.0000000000000000e+00 	 0.0000000000000000e+00 	 3.4232009950802177e+07

	 2.3990413092013804e+02 	 0.0000000000000000e+00 	 0.0000000000000000e+00 	 0.0000000000000000e+00 	 0.0000000000000000e+00 	 4.2174744949838221e+00
	 0.0000000000000000e+00 	 2.3990413092013804e+02 	 0.0000000000000000e+00 	 0.0000000000000000e+00 	 0.0000000000000000e+00 	 8.2297001007281398e+00
	 0.0000000000000000e+00 	 0.0000000000000000e+00 	 2.3990413092013804e+02 	 -4.2174744949838221e+00 	 -8.2297001007281398e+00 	 0.0000000000000000e+00
	 0.0000000000000000e+00 	 0.0000000000000000e+00 	 -4.2174744949838221e+00 	 8.9841707453227670e+01 	 -7.3034602072991917e-01 	 0.0000000000000000e+00
	 0.0000000000000000e+00 	 0.0000000000000000e+00 	 -8.2297001007281398e+00 	 -7.3034602072991917e-01 	 1.1216140769745957e+01 	 0.0000000000000000e+00
	 4.2174744949838221e+00 	 8.2297001007281398e+00 	 0.0000000000000000e+00 	 0.0000000000000000e+00 	 0.0000000000000000e+00 	 1.0105784822297358e+02

	 0.758621 
	 3.5415086613632642e+07 	 1.5884187253534989e+06 	 0.0000000000000000e+00 	 0.0000000000000000e+00 	 0.0000000000000000e+00 	 1.2741753691420285e+07
	 1.5884187253524435e+06 	 1.6616414133387169e+08 	 0.0000000000000000e+00 	 0.0000000000000000e+00 	 0.0000000000000000e+00 	 7.5013112299253661e+06
	 0.0000000000000000e+00 	 0.0000000000000000e+00 	 3.9042015533257723e+09 	 -1.1871110915078816e+08 	 -1.2594822859992115e+08 	 0.0000000000000000e+00
	 0.0000000000000000e+00 	 0.0000000000000000e+00 	 -1.1871110915078238e+08 	 1.1605140731637378e+09 	 -5.6440106791084288e+06 	 0.0000000000000000e+00
	 0.0000000000000000e+00 	 0.0000000000000000e+00 	 -1.2594822859991986e+08 	 -5.6440106791069247e+06 	 1.5019333951398501e+08 	 0.0000000000000000e+00
	 1.2741753691415630e+07 	 7.5013112299126824e+06 	 0.0000000000000000e+00 	 0.0000000000000000e+00 	 0.0000000000000000e+00 	 2.4686210431375694e+07

	 1.9582571811760869e+02 	 0.0000000000000000e+00 	 0.0000000000000000e+00 	 0.0000000000000000e+00 	 0.0000000000000000e+00 	 3.7017735077790235e+00
	 0.0000000000000000e+00 	 1.9582571811760869e+02 	 0.0000000000000000e+00 	 0.0000000000000000e+00 	 0.0000000000000000e+00 	 6.2810792057568738e+00
	 0.0000000000000000e+00 	 0.0000000000000000e+00 	 1.9582571811760869e+02 	 -3.7017735077790235e+00 	 -6.2810792057568738e+00 	 0.0000000000000000e+00
	 0.0000000000000000e+00 	 0.0000000000000000e+00 	 -3.7017735077790235e+00 	 6.0319511940219797e+01 	 -4.2001822898647179e-01 	 0.0000000000000000e+00
	 0.0000000000000000e+00 	 0.0000000000000000e+00 	 -6.2810792057568738e+00 	 -4.2001822898647179e-01 	 7.1892957811968339e+00 	 0.0000000000000000e+00
	 3.7017735077790235e+00 	 6.2810792057568738e+00 	 0.0000000000000000e+00 	 0.0000000000000000e+00 	 0.0000000000000000e+00 	 6.7508807721416517e+01

	 0.793103 
	 3.0276577114940066e+07 	 1.3517293408202576e+06 	 0.0000000000000000e+00 	 0.0000000000000000e+00 	 0.0000000000000000e+00 	 9.5567560845515653e+06
	 1.3517293408268811e+06 	 1.4954977038037959e+08 	 0.0000000000000000e+00 	 0.0000000000000000e+00 	 0.0000000000000000e+00 	 6.1045434057296813e+06
	 0.0000000000000000e+00 	 0.0000000000000000e+00 	 3.0412162571864791e+09 	 -1.0224906757646526e+08 	 -9.0463859787910640e+07 	 0.0000000000000000e+00
	 0.0000000000000000e+00 	 0.0000000000000000e+00 	 -1.0224906757647309e+08 	 7.3049119459258425e+08 	 -2.4303749517709524e+06 	 0.0000000000000000e+00
	 0.0000000000000000e+00 	 0.0000000000000000e+00 	 -9.0463859787911326e+07 	 -2.4303749517679978e+06 	 8.9819920653691217e+07 	 0.0000000000000000e+00
	 9.5567560845489074e+06 	 6.1045434057280617e+06 	 0.0000000000000000e+00 	 0.0000000000000000e+00 	 0.0000000000000000e+00 	 1.7028229139823370e+07

	 1.5408542037257388e+02 	 0.0000000000000000e+00 	 0.0000000000000000e+00 	 0.0000000000000000e+00 	 0.0000000000000000e+00 	 3.5402663995403767e+00
	 0.0000000000000000e+00 	 1.5408542037257388e+02 	 0.0000000000000000e+00 	 0.0000000000000000e+00 	 0.0000000000000000e+00 	 4.5547179985373898e+00
	 0.0000000000000000e+00 	 0.0000000000000000e+00 	 1.5408542037257388e+02 	 -3.5402663995403767e+00 	 -4.5547179985373898e+00 	 0.0000000000000000e+00
	 0.0000000000000000e+00 	 0.0000000000000000e+00 	 -3.5402663995403767e+00 	 3.8452820505096838e+01 	 -2.0782183205538035e-01 	 0.0000000000000000e+00
	 0.0000000000000000e+00 	 0.0000000000000000e+00 	 -4.5547179985373898e+00 	 -2.0782183205538035e-01 	 4.3301727685745197e+00 	 0.0000000000000000e+00
	 3.5402663995403767e+00 	 4.5547179985373898e+00 	 0.0000000000000000e+00 	 0.0000000000000000e+00 	 0.0000000000000000e+00 	 4.2782993273671721e+01

	 0.827586 
	 2.5087314201120526e+07 	 1.3227103266879132e+06 	 0.0000000000000000e+00 	 0.0000000000000000e+00 	 0.0000000000000000e+00 	 6.8276802637406485e+06
	 1.3227103266910654e+06 	 1.3059684667320739e+08 	 0.0000000000000000e+00 	 0.0000000000000000e+00 	 0.0000000000000000e+00 	 5.3695419378962927e+06
	 0.0000000000000000e+00 	 0.0000000000000000e+00 	 2.2843457837787452e+09 	 -4.8956160258864790e+07 	 -6.7416021479815111e+07 	 0.0000000000000000e+00
	 0.0000000000000000e+00 	 0.0000000000000000e+00 	 -4.8956160258866794e+07 	 4.5272704254190040e+08 	 -1.6656164386997372e+06 	 0.0000000000000000e+00
	 0.0000000000000000e+00 	 0.0000000000000000e+00 	 -6.7416021479816869e+07 	 -1.6656164387010012e+06 	 4.9265701961721987e+07 	 0.0000000000000000e+00
	 6.8276802637416562e+06 	 5.3695419378979206e+06 	 0.0000000000000000e+00 	 0.0000000000000000e+00 	 0.0000000000000000e+00 	 1.1125079185671043e+07

	 1.1734600513981424e+02 	 0.0000000000000000e+00 	 0.0000000000000000e+00 	 0.0000000000000000e+00 	 0.0000000000000000e+00 	 1.4116073793983641e+00
	 0.0000000000000000e+00 	 1.1734600513981424e+02 	 0.0000000000000000e+00 	 0.0000000000000000e+00 	 0.0000000000000000e+00 	 3.4390149366009002e+00
	 0.0000000000000000e+00 	 0.0000000000000000e+00 	 1.1734600513981424e+02 	 -1.4116073793983641e+00 	 -3.4390149366009002e+00 	 0.0000000000000000e+00
	 0.0000000000000000e+00 	 0.0000000000000000e+00 	 -1.4116073793983641e+00 	 2.4132227417799211e+01 	 -1.3652885061424039e-01 	 0.0000000000000000e+00
	 0.0000000000000000e+00 	 0.0000000000000000e+00 	 -3.4390149366009002e+00 	 -1.3652885061424039e-01 	 2.4048541582739604e+00 	 0.0000000000000000e+00
	 1.4116073793983641e+00 	 3.4390149366009002e+00 	 0.0000000000000000e+00 	 0.0000000000000000e+00 	 0.0000000000000000e+00 	 2.6537081576073206e+01

	 0.862069 
	 1.9972943654118273e+07 	 1.2991528563051890e+06 	 0.0000000000000000e+00 	 0.0000000000000000e+00 	 0.0000000000000000e+00 	 4.3781767751457896e+06
	 1.2991528563056826e+06 	 1.1099543189247571e+08 	 0.0000000000000000e+00 	 0.0000000000000000e+00 	 0.0000000000000000e+00 	 4.5172644805733003e+06
	 0.0000000000000000e+00 	 0.0000000000000000e+00 	 1.6536902661866148e+09 	 -1.5203637380718095e+07 	 -4.7423264653620809e+07 	 0.0000000000000000e+00
	 0.0000000000000000e+00 	 0.0000000000000000e+00 	 -1.5203637380718959e+07 	 2.5975166561514583e+08 	 -1.2356449817510287e+06 	 0.0000000000000000e+00
	 0.0000000000000000e+00 	 0.0000000000000000e+00 	 -4.7423264653618477e+07 	 -1.2356449817510962e+06 	 2.4658687972872898e+07 	 0.0000000000000000e+00
	 4.3781767751458678e+06 	 4.5172644805701450e+06 	 0.0000000000000000e+00 	 0.0000000000000000e+00 	 0.0000000000000000e+00 	 6.6354172642751373e+06

	 8.6303785817839682e+01 	 0.0000000000000000e+00 	 0.0000000000000000e+00 	 0.0000000000000000e+00 	 0.0000000000000000e+00 	 1.1955127168309175e-01
	 0.0000000000000000e+00 	 8.6303785817839682e+01 	 0.0000000000000000e+00 	 0.0000000000000000e+00 	 0.0000000000000000e+00 	 2.4573958933920492e+00
	 0.0000000000000000e+00 	 0.0000000000000000e+00 	 8.6303785817839682e+01 	 -1.1955127168309175e-01 	 -2.4573958933920492e+00 	 0.0000000000000000e+00
	 0.0000000000000000e+00 	 0.0000000000000000e+00 	 -1.1955127168309175e-01 	 1.4009378620252136e+01 	 -9.2312259935271049e-02 	 0.0000000000000000e+00
	 0.0000000000000000e+00 	 0.0000000000000000e+00 	 -2.4573958933920492e+00 	 -9.2312259935271049e-02 	 1.2240309866374608e+00 	 0.0000000000000000e+00
	 1.1955127168309175e-01 	 2.4573958933920492e+00 	 0.0000000000000000e+00 	 0.0000000000000000e+00 	 0.0000000000000000e+00 	 1.5233409606889611e+01

	 0.896552 
	 1.4735684560584262e+07 	 1.0591118795269814e+06 	 0.0000000000000000e+00 	 0.0000000000000000e+00 	 0.0000000000000000e+00 	 2.3322488879261934e+06
	 1.0591118795279665e+06 	 8.3159561260863796e+07 	 0.0000000000000000e+00 	 0.0000000000000000e+00 	 0.0000000000000000e+00 	 3.1772513081540340e+06
	 0.0000000000000000e+00 	 0.0000000000000000e+00 	 1.0791794381888442e+09 	 9.0955120649824627e+06 	 -2.8421560317810088e+07 	 0.0000000000000000e+00
	 0.0000000000000000e+00 	 0.0000000000000000e+00 	 9.0955120649828184e+06 	 1.2562858819957736e+08 	 -9.0417093931725400e+05 	 0.0000000000000000e+00
	 0.0000000000000000e+00 	 0.0000000000000000e+00 	 -2.8421560317809466e+07 	 -9.0417093931764853e+05 	 1.0542059436201887e+07 	 0.0000000000000000e+00
	 2.3322488879262735e+06 	 3.1772513081531124e+06 	 0.0000000000000000e+00 	 0.0000000000000000e+00 	 0.0000000000000000e+00 	 3.3701697754847300e+06

	 5.8140801265184813e+01 	 0.0000000000000000e+00 	 0.0000000000000000e+00 	 0.0000000000000000e+00 	 0.0000000000000000e+00 	 -7.7009918624477036e-01
	 0.0000000000000000e+00 	 5.8140801265184813e+01 	 0.0000000000000000e+00 	 0.0000000000000000e+00 	 0.0000000000000000e+00 	 1.5235584122597863e+00
	 0.0000000000000000e+00 	 0.0000000000000000e+00 	 5.8140801265184813e+01 	 7.7009918624477036e-01 	 -1.5235584122597863e+00 	 0.0000000000000000e+00
	 0.0000000000000000e+00 	 0.0000000000000000e+00 	 7.7009918624477036e-01 	 6.9848937830312048e+00 	 -6.0976063531457729e-02 	 0.0000000000000000e+00
	 0.0000000000000000e+00 	 0.0000000000000000e+00 	 -1.5235584122597863e+00 	 -6.0976063531457729e-02 	 5.3897619595292767e-01 	 0.0000000000000000e+00
	 -7.7009918624477036e-01 	 1.5235584122597863e+00 	 0.0000000000000000e+00 	 0.0000000000000000e+00 	 0.0000000000000000e+00 	 7.5238699789841412e+00

	 0.931034 
	 9.3519644335805327e+06 	 7.5764148780707456e+05 	 0.0000000000000000e+00 	 0.0000000000000000e+00 	 0.0000000000000000e+00 	 9.5524508045275055e+05
	 7.5764148780698387e+05 	 5.9441479036430269e+07 	 0.0000000000000000e+00 	 0.0000000000000000e+00 	 0.0000000000000000e+00 	 2.0090312235506063e+06
	 0.0000000000000000e+00 	 0.0000000000000000e+00 	 6.5567699429849315e+08 	 9.8370428489630483e+06 	 -1.5168603655021632e+07 	 0.0000000000000000e+00
	 0.0000000000000000e+00 	 0.0000000000000000e+00 	 9.8370428489629775e+06 	 5.1359813326511167e+07 	 -4.1481722618739808e+05 	 0.0000000000000000e+00
	 0.0000000000000000e+00 	 0.0000000000000000e+00 	 -1.5168603655021871e+07 	 -4.1481722618740314e+05 	 3.8192266804997525e+06 	 0.0000000000000000e+00
	 9.5524508045270049e+05 	 2.0090312235499939e+06 	 0.0000000000000000e+00 	 0.0000000000000000e+00 	 0.0000000000000000e+00 	 1.4513738489759518e+06

	 3.6734036311114295e+01 	 0.0000000000000000e+00 	 0.0000000000000000e+00 	 0.0000000000000000e+00 	 0.0000000000000000e+00 	 -7.0875565347555225e-01
	 0.0000000000000000e+00 	 3.6734036311114295e+01 	 0.0000000000000000e+00 	 0.0000000000000000e+00 	 0.0000000000000000e+00 	 8.4491437702937788e-01
	 0.0000000000000000e+00 	 0.0000000000000000e+00 	 3.6734036311114295e+01 	 7.0875565347555225e-01 	 -8.4491437702937788e-01 	 0.0000000000000000e+00
	 0.0000000000000000e+00 	 0.0000000000000000e+00 	 7.0875565347555225e-01 	 2.9660226231400690e+00 	 -3.0225745543671193e-02 	 0.0000000000000000e+00
	 0.0000000000000000e+00 	 0.0000000000000000e+00 	 -8.4491437702937788e-01 	 -3.0225745543671193e-02 	 2.0314127111324726e-01 	 0.0000000000000000e+00
	 -7.0875565347555225e-01 	 8.4491437702937788e-01 	 0.0000000000000000e+00 	 0.0000000000000000e+00 	 0.0000000000000000e+00 	 3.1691638942533222e+00

	 0.965517 
	 5.6474843001214424e+06 	 4.9484579608084704e+05 	 0.0000000000000000e+00 	 0.0000000000000000e+00 	 0.0000000000000000e+00 	 3.4083593594788731e+05
	 4.9484579608090018e+05 	 3.9890366173399918e+07 	 0.0000000000000000e+00 	 0.0000000000000000e+00 	 0.0000000000000000e+00 	 1.0776252977575893e+06
	 0.0000000000000000e+00 	 0.0000000000000000e+00 	 3.4902740019197714e+08 	 1.9248432267195762e+06 	 -6.5224369514278583e+06 	 0.0000000000000000e+00
	 0.0000000000000000e+00 	 0.0000000000000000e+00 	 1.9248432267194418e+06 	 1.4806786197273392e+07 	 -8.6538449230884522e+04 	 0.0000000000000000e+00
	 0.0000000000000000e+00 	 0.0000000000000000e+00 	 -6.5224369514278872e+06 	 -8.6538449230864062e+04 	 1.0600274844082287e+06 	 0.0000000000000000e+00
	 3.4083593594790844e+05 	 1.0776252977574668e+06 	 0.0000000000000000e+00 	 0.0000000000000000e+00 	 0.0000000000000000e+00 	 4.7055377605014574e+05

	 2.0795546172451079e+01 	 0.0000000000000000e+00 	 0.0000000000000000e+00 	 0.0000000000000000e+00 	 0.0000000000000000e+00 	 -2.5824569092427729e-01
	 0.0000000000000000e+00 	 2.0795546172451079e+01 	 0.0000000000000000e+00 	 0.0000000000000000e+00 	 0.0000000000000000e+00 	 3.8572774842771107e-01
	 0.0000000000000000e+00 	 0.0000000000000000e+00 	 2.0795546172451079e+01 	 2.5824569092427729e-01 	 -3.8572774842771107e-01 	 0.0000000000000000e+00
	 0.0000000000000000e+00 	 0.0000000000000000e+00 	 2.5824569092427729e-01 	 9.1625499103492414e-01 	 -9.1233347279894312e-03 	 0.0000000000000000e+00
	 0.0000000000000000e+00 	 0.0000000000000000e+00 	 -3.8572774842771107e-01 	 -9.1233347279894312e-03 	 5.9840131166112726e-02 	 0.0000000000000000e+00
	 -2.5824569092427729e-01 	 3.8572774842771107e-01 	 0.0000000000000000e+00 	 0.0000000000000000e+00 	 0.0000000000000000e+00 	 9.7609512220103489e-01

	 1.000000 
	 9.4499215498251352e+05 	 2.7850830175268144e+05 	 0.0000000000000000e+00 	 0.0000000000000000e+00 	 0.0000000000000000e+00 	 9.8091185300013167e+04
	 2.7850830175294442e+05 	 2.4301176741321389e+07 	 0.0000000000000000e+00 	 0.0000000000000000e+00 	 0.0000000000000000e+00 	 4.3621532913131226e+05
	 0.0000000000000000e+00 	 0.0000000000000000e+00 	 1.8098653447896934e+08 	 -1.8948150663176028e+06 	 -2.4400589835236487e+06 	 0.0000000000000000e+00
	 0.0000000000000000e+00 	 0.0000000000000000e+00 	 -1.8948150663175387e+06 	 2.1164947666095756e+06 	 -4.6757773877591235e+03 	 0.0000000000000000e+00
	 0.0000000000000000e+00 	 0.0000000000000000e+00 	 -2.4400589835236422e+06 	 -4.6757773877604968e+03 	 2.3075073315923021e+05 	 0.0000000000000000e+00
	 9.8091185300027995e+04 	 4.3621532913131273e+05 	 0.0000000000000000e+00 	 0.0000000000000000e+00 	 0.0000000000000000e+00 	 8.5154275810680585e+04

	 1.0793177533932431e+01 	 0.0000000000000000e+00 	 0.0000000000000000e+00 	 0.0000000000000000e+00 	 0.0000000000000000e+00 	 -9.6993935596498965e-03
	 0.0000000000000000e+00 	 1.0793177533932431e+01 	 0.0000000000000000e+00 	 0.0000000000000000e+00 	 0.0000000000000000e+00 	 1.4300910424881635e-01
	 0.0000000000000000e+00 	 0.0000000000000000e+00 	 1.0793177533932431e+01 	 9.6993935596498965e-03 	 -1.4300910424881635e-01 	 0.0000000000000000e+00
	 0.0000000000000000e+00 	 0.0000000000000000e+00 	 9.6993935596498965e-03 	 1.5173661926509699e-01 	 -1.6449868864047285e-03 	 0.0000000000000000e+00
	 0.0000000000000000e+00 	 0.0000000000000000e+00 	 -1.4300910424881635e-01 	 -1.6449868864047285e-03 	 1.3098082968023124e-02 	 0.0000000000000000e+00
	 -9.6993935596498965e-03 	 1.4300910424881635e-01 	 0.0000000000000000e+00 	 0.0000000000000000e+00 	 0.0000000000000000e+00 	 1.6483470223312005e-01

