# ----- Rotor performance tables for the WISDEM tuning wind turbine ----- 
# ------------ Written on Dec-16-20 using the ROSCO toolbox ------------ 

# Pitch angle vector, 20 entries - x axis (matrix columns) (deg)
-5.0   -3.158   -1.316   0.5263   2.368   4.211   6.053   7.895   9.737   11.58   13.42   15.26   17.11   18.95   20.79   22.63   24.47   26.32   28.16   30.0   
# TSR vector, 20 entries - y axis (matrix rows) (-)
2.0    2.526    3.053    3.579    4.105    4.632    5.158    5.684    6.211    6.737    7.263    7.789    8.316    8.842    9.368    9.895    10.42    10.95    11.47    12.0    
# Wind speed vector - z axis (m/s)
8.494    

# Power coefficient

0.015826   0.019353   0.022857   0.026360   0.029900   0.033511   0.037145   0.040703   0.044102   0.047293   0.050271   0.053027   0.055474   0.057410   0.058509   0.058381   0.056733   0.053529   0.048956   0.043308   
0.032973   0.038990   0.045099   0.051181   0.056999   0.062444   0.067495   0.072186   0.076539   0.080427   0.083456   0.084983   0.084304   0.081056   0.075400   0.067842   0.058933   0.049126   0.038689   0.027729   
0.059437   0.068797   0.077488   0.085462   0.092804   0.099651   0.106061   0.111727   0.115755   0.116916   0.114281   0.107829   0.098311   0.086588   0.073378   0.059230   0.044394   0.028965   0.012938   -0.003667   
0.095108   0.106686   0.117220   0.127085   0.136465   0.145044   0.151459   0.153729   0.150598   0.142207   0.129730   0.114319   0.096888   0.078170   0.058600   0.038327   0.017304   -0.004557   -0.027090   -0.049375   
0.136913   0.150765   0.164064   0.176752   0.187537   0.193688   0.192957   0.185166   0.171579   0.153719   0.132777   0.109687   0.085258   0.059932   0.033697   0.006440   -0.022041   -0.051394   -0.080152   -0.105971   
0.184196   0.201881   0.218468   0.231400   0.237079   0.233806   0.222481   0.204763   0.182230   0.156107   0.127394   0.097104   0.065653   0.033009   -0.001043   -0.036837   -0.073992   -0.110615   -0.143641   -0.169173   
0.237951   0.258921   0.274385   0.280624   0.276435   0.263272   0.242792   0.216598   0.185911   0.151904   0.115683   0.077898   0.038540   -0.002711   -0.046277   -0.092067   -0.138040   -0.180523   -0.214753   -0.235778   
0.294842   0.313755   0.322430   0.319633   0.306758   0.285451   0.257096   0.223017   0.184429   0.142563   0.098468   0.052285   0.003664   -0.047875   -0.102686   -0.159157   -0.213251   -0.259422   -0.291061   -0.306588   
0.345509   0.358944   0.360386   0.350604   0.331027   0.302798   0.267157   0.225369   0.178744   0.128715   0.075881   0.019984   -0.039490   -0.103169   -0.170518   -0.237744   -0.298713   -0.345718   -0.371292   -0.384765   
0.384143   0.393420   0.390443   0.376044   0.351148   0.316696   0.273971   0.224329   0.169391   0.110479   0.047716   -0.019380   -0.091487   -0.169105   -0.249821   -0.327445   -0.393460   -0.437553   -0.457814   -0.473152   
0.409527   0.418883   0.414594   0.397448   0.368167   0.327904   0.278067   0.220322   0.156547   0.087752   0.013698   -0.066247   -0.152907   -0.245991   -0.340567   -0.427780   -0.496051   -0.535178   -0.554106   -0.573894   
0.422478   0.436549   0.433899   0.415536   0.382680   0.336853   0.279788   0.213562   0.140223   0.060345   -0.026500   -0.121077   -0.224243   -0.334054   -0.442611   -0.537675   -0.606405   -0.641156   -0.661855   -0.688700   
0.425118   0.446547   0.448669   0.430698   0.395036   0.343828   0.279341   0.204170   0.120310   0.028025   -0.073222   -0.184327   -0.305884   -0.433411   -0.555267   -0.657209   -0.725694   -0.757285   -0.782028   -0.819077   
0.419899   0.448422   0.458877   0.443146   0.405461   0.349032   0.276872   0.192132   0.096654   -0.009455   -0.126815   -0.256454   -0.398140   -0.543782   -0.678632   -0.787474   -0.854421   -0.885031   -0.915437   -0.966914   
0.408918   0.442961   0.464261   0.452976   0.414124   0.352598   0.272453   0.177376   0.069090   -0.052347   -0.187627   -0.337885   -0.501015   -0.664828   -0.813646   -0.928870   -0.993467   -1.025502   -1.063195   -1.133883   
0.393804   0.432483   0.464279   0.460223   0.421122   0.354601   0.266101   0.159803   0.037446   -0.100902   -0.256019   -0.428922   -0.613831   -0.797454   -0.961142   -1.081913   -1.143927   -1.178835   -1.227363   -1.321405   
0.375188   0.419022   0.458120   0.464815   0.426501   0.355090   0.257784   0.139308   0.001548   -0.155382   -0.332359   -0.529458   -0.737227   -0.943147   -1.121559   -1.246801   -1.305934   -1.346427   -1.409854   -1.530286   
0.353353   0.403151   0.447167   0.466581   0.430276   0.354088   0.247450   0.115778   -0.038781   -0.216070   -0.416895   -0.638761   -0.872786   -1.102095   -1.294863   -1.423558   -1.480986   -1.529471   -1.612154   -1.761131   
0.328525   0.385107   0.434130   0.465230   0.432432   0.351596   0.235039   0.089103   -0.083733   -0.283244   -0.509512   -0.757680   -1.021518   -1.274755   -1.481871   -1.612868   -1.670056   -1.729033   -1.835191   -2.014977   
0.301137   0.365277   0.419582   0.460290   0.432931   0.347587   0.220488   0.059159   -0.133522   -0.357100   -0.609278   -0.888124   -1.183597   -1.461413   -1.682204   -1.814951   -1.874271   -1.946021   -2.080356   -2.292457   


#  Thrust coefficient

0.070249   0.069690   0.069131   0.068617   0.068209   0.067976   0.068015   0.068388   0.069005   0.069709   0.070418   0.071079   0.071587   0.071744   0.071232   0.069636   0.066651   0.062241   0.056580   0.049986   
0.091583   0.091600   0.091880   0.092565   0.093782   0.095389   0.097083   0.098715   0.100224   0.101454   0.102046   0.101398   0.098753   0.093732   0.086454   0.077450   0.067261   0.056328   0.044935   0.033195   
0.121052   0.122698   0.125131   0.128085   0.131085   0.133928   0.136529   0.138602   0.139407   0.137723   0.132528   0.123698   0.111976   0.098272   0.083314   0.067675   0.051621   0.035264   0.018633   0.001777   
0.160613   0.165028   0.169759   0.174295   0.178504   0.182109   0.184035   0.182402   0.175726   0.163943   0.148225   0.129850   0.109811   0.088897   0.067562   0.045978   0.024141   0.001999   -0.020229   -0.041620   
0.211385   0.218211   0.224674   0.230570   0.234985   0.235525   0.229766   0.217095   0.198665   0.176215   0.151169   0.124581   0.097320   0.069842   0.042172   0.014241   -0.014087   -0.042390   -0.069259   -0.092543   
0.272912   0.281833   0.289688   0.294537   0.292935   0.282736   0.264413   0.239714   0.210667   0.178803   0.145300   0.111230   0.077024   0.042676   0.008027   -0.027152   -0.062402   -0.095926   -0.124974   -0.145999   
0.345232   0.355254   0.360410   0.356838   0.342853   0.319680   0.289283   0.253861   0.215091   0.174389   0.132951   0.091419   0.049790   0.007823   -0.034786   -0.077821   -0.119335   -0.156088   -0.183844   -0.198183   
0.426652   0.432347   0.427620   0.410975   0.384020   0.348817   0.307490   0.261996   0.213922   0.164647   0.115193   0.065681   0.015834   -0.034702   -0.086106   -0.136770   -0.183147   -0.220421   -0.243055   -0.248433   
0.509759   0.504979   0.487041   0.457687   0.418929   0.372647   0.320940   0.265636   0.208306   0.150385   0.092409   0.034144   -0.024804   -0.084858   -0.145338   -0.202841   -0.252139   -0.286876   -0.300927   -0.298445   
0.587516   0.569952   0.539905   0.499276   0.449575   0.392699   0.330771   0.265593   0.198900   0.131922   0.064715   -0.003124   -0.072083   -0.142397   -0.211757   -0.274878   -0.324744   -0.353580   -0.358340   -0.350828   
0.656709   0.628458   0.588277   0.537371   0.477157   0.409851   0.337602   0.262381   0.186033   0.109393   0.032191   -0.046072   -0.125943   -0.206899   -0.284600   -0.351676   -0.399340   -0.420453   -0.417250   -0.406719   
0.718101   0.682198   0.633464   0.572844   0.502370   0.424596   0.341843   0.256326   0.169882   0.082880   -0.005110   -0.094649   -0.186230   -0.277909   -0.362981   -0.431739   -0.475767   -0.488882   -0.478654   -0.465808   
0.774449   0.731931   0.676004   0.606198   0.525622   0.437271   0.343783   0.247660   0.150534   0.052436   -0.047136   -0.148789   -0.252707   -0.354865   -0.445594   -0.514966   -0.554769   -0.559305   -0.543042   -0.527541   
0.828381   0.777735   0.716068   0.637729   0.547193   0.448135   0.343646   0.236507   0.128046   0.018111   -0.093831   -0.208419   -0.325083   -0.436836   -0.532138   -0.602066   -0.636258   -0.632034   -0.610465   -0.592013   
0.881378   0.820510   0.753618   0.667636   0.567305   0.457384   0.341598   0.222936   0.102463   -0.020044   -0.145130   -0.273441   -0.402783   -0.522915   -0.623144   -0.692991   -0.720348   -0.707351   -0.680807   -0.659473   
0.934269   0.861839   0.788438   0.696054   0.586119   0.465164   0.337747   0.206997   0.073833   -0.061972   -0.200986   -0.343648   -0.484602   -0.613516   -0.719019   -0.787762   -0.807239   -0.784896   -0.754506   -0.730198   
0.987445   0.902850   0.820149   0.723036   0.603751   0.471594   0.332162   0.188734   0.042205   -0.107627   -0.261351   -0.418465   -0.570689   -0.709566   -0.819714   -0.886058   -0.896283   -0.865485   -0.831767   -0.804128   
1.041148   0.943935   0.849736   0.748567   0.620293   0.476767   0.324891   0.168190   0.007624   -0.156982   -0.326069   -0.496750   -0.661992   -0.810779   -0.924711   -0.987494   -0.988101   -0.949541   -0.912663   -0.881081   
1.095565   0.985313   0.878927   0.772555   0.635810   0.480752   0.315980   0.145408   -0.029877   -0.210006   -0.394657   -0.578942   -0.758930   -0.917159   -1.034290   -1.092230   -1.082826   -1.037296   -0.996876   -0.961319   
1.150860   1.027173   0.908135   0.794791   0.650346   0.483601   0.305469   0.120422   -0.070288   -0.266590   -0.465877   -0.666358   -0.861172   -1.028465   -1.147652   -1.199999   -1.180768   -1.128714   -1.084671   -1.044674   


# Torque coefficient

0.007954   0.009727   0.011488   0.013248   0.015028   0.016842   0.018668   0.020457   0.022165   0.023769   0.025266   0.026651   0.027881   0.028854   0.029406   0.029341   0.028513   0.026903   0.024604   0.021766   
0.013120   0.015513   0.017944   0.020364   0.022679   0.024845   0.026855   0.028721   0.030454   0.032000   0.033206   0.033813   0.033543   0.032251   0.030000   0.026993   0.023449   0.019546   0.015394   0.011033   
0.019572   0.022654   0.025516   0.028141   0.030559   0.032813   0.034924   0.036790   0.038116   0.038498   0.037631   0.035506   0.032372   0.028512   0.024162   0.019504   0.014618   0.009538   0.004260   -0.001207   
0.026712   0.029964   0.032922   0.035693   0.038327   0.040737   0.042539   0.043176   0.042297   0.039940   0.036436   0.032107   0.027212   0.021955   0.016458   0.010764   0.004860   -0.001280   -0.007608   -0.013867   
0.033523   0.036915   0.040171   0.043278   0.045918   0.047425   0.047246   0.045338   0.042011   0.037638   0.032511   0.026857   0.020876   0.014674   0.008251   0.001577   -0.005397   -0.012584   -0.019625   -0.025947   
0.039975   0.043813   0.047413   0.050220   0.051452   0.050742   0.048284   0.044439   0.039549   0.033879   0.027648   0.021074   0.014248   0.007164   -0.000226   -0.007995   -0.016058   -0.024006   -0.031174   -0.036715   
0.046372   0.050459   0.053472   0.054688   0.053872   0.051307   0.047316   0.042211   0.036231   0.029603   0.022544   0.015181   0.007511   -0.000528   -0.009019   -0.017942   -0.026901   -0.035180   -0.041851   -0.045949   
0.052139   0.055483   0.057017   0.056523   0.054246   0.050478   0.045464   0.039438   0.032614   0.025210   0.017413   0.009246   0.000648   -0.008466   -0.018159   -0.028145   -0.037711   -0.045875   -0.051470   -0.054216   
0.055921   0.058095   0.058329   0.056745   0.053577   0.049008   0.043239   0.036476   0.028930   0.020832   0.012281   0.003234   -0.006391   -0.016698   -0.027598   -0.038479   -0.048347   -0.055955   -0.060094   -0.062274   
0.057316   0.058701   0.058256   0.056108   0.052393   0.047253   0.040878   0.033471   0.025274   0.016484   0.007119   -0.002892   -0.013650   -0.025231   -0.037275   -0.048857   -0.058707   -0.065286   -0.068309   -0.070597   
0.056676   0.057971   0.057377   0.055004   0.050952   0.045380   0.038483   0.030491   0.021665   0.012144   0.001896   -0.009168   -0.021161   -0.034044   -0.047132   -0.059202   -0.068650   -0.074065   -0.076685   -0.079423   
0.054518   0.056334   0.055992   0.053622   0.049382   0.043468   0.036105   0.027559   0.018095   0.007787   -0.003420   -0.015624   -0.028937   -0.043107   -0.057116   -0.069383   -0.078252   -0.082737   -0.085408   -0.088872   
0.051386   0.053977   0.054233   0.052061   0.047750   0.041560   0.033765   0.024679   0.014542   0.003388   -0.008851   -0.022281   -0.036974   -0.052389   -0.067118   -0.079441   -0.087719   -0.091537   -0.094528   -0.099006   
0.047734   0.050977   0.052165   0.050377   0.046093   0.039678   0.031475   0.021842   0.010988   -0.001075   -0.014416   -0.029154   -0.045261   -0.061817   -0.077147   -0.089521   -0.097131   -0.100611   -0.104067   -0.109919   
0.043874   0.047527   0.049812   0.048602   0.044433   0.037832   0.029233   0.019031   0.007413   -0.005617   -0.020131   -0.036253   -0.053756   -0.071332   -0.087299   -0.099662   -0.106593   -0.110030   -0.114074   -0.121659   
0.040005   0.043935   0.047165   0.046753   0.042781   0.036023   0.027032   0.016234   0.003804   -0.010250   -0.026008   -0.043573   -0.062357   -0.081011   -0.097639   -0.109908   -0.116208   -0.119754   -0.124684   -0.134238   
0.036189   0.040417   0.044189   0.044834   0.041139   0.034251   0.024865   0.013437   0.000149   -0.014988   -0.032058   -0.051070   -0.071110   -0.090972   -0.108181   -0.120262   -0.125966   -0.129871   -0.135989   -0.147606   
0.032444   0.037017   0.041058   0.042841   0.039507   0.032512   0.022721   0.010631   -0.003561   -0.019839   -0.038279   -0.058650   -0.080138   -0.101193   -0.118893   -0.130710   -0.135983   -0.140434   -0.148026   -0.161705   
0.028781   0.033738   0.038033   0.040757   0.037884   0.030802   0.020591   0.007806   -0.007336   -0.024814   -0.044637   -0.066378   -0.089492   -0.111678   -0.129822   -0.141299   -0.146309   -0.151476   -0.160776   -0.176526   
0.025225   0.030597   0.035146   0.038556   0.036264   0.029115   0.018469   0.004955   -0.011184   -0.029912   -0.051036   -0.074393   -0.099144   -0.122415   -0.140909   -0.152029   -0.156998   -0.163008   -0.174260   -0.192027   

