# ----- Rotor performance tables for the Generated with AeroElasticSE FAST driver wind turbine ----- 
# ------------ Written on Oct-22-20 using the ROSCO toolbox ------------ 

# Pitch angle vector, 50 entries - x axis (matrix columns) (deg)
-5.0   -4.082   -3.163   -2.245   -1.327   -0.4082   0.5102   1.429   2.347   3.265   4.184   5.102   6.02   6.939   7.857   8.776   9.694   10.61   11.53   12.45   13.37   14.29   15.2   16.12   17.04   17.96   18.88   19.8   20.71   21.63   22.55   23.47   24.39   25.31   26.22   27.14   28.06   28.98   29.9   30.82   31.73   32.65   33.57   34.49   35.41   36.33   37.24   38.16   39.08   40.0   
# TSR vector, 50 entries - y axis (matrix rows) (-)
1.0    1.245    1.49    1.735    1.98    2.224    2.469    2.714    2.959    3.204    3.449    3.694    3.939    4.184    4.429    4.673    4.918    5.163    5.408    5.653    5.898    6.143    6.388    6.633    6.878    7.122    7.367    7.612    7.857    8.102    8.347    8.592    8.837    9.082    9.327    9.571    9.816    10.06    10.31    10.55    10.8    11.04    11.29    11.53    11.78    12.02    12.27    12.51    12.76    13.0    
# Wind speed vector - z axis (m/s)
8.249    

# Power coefficient

0.001776   0.002294   0.002812   0.003330   0.003848   0.004366   0.004883   0.005400   0.005917   0.006434   0.006950   0.007466   0.007981   0.008497   0.009012   0.009527   0.010043   0.010558   0.011073   0.011589   0.012105   0.012622   0.013139   0.013657   0.014176   0.014697   0.015219   0.015745   0.016275   0.016810   0.017352   0.017901   0.018455   0.019017   0.019585   0.020162   0.020752   0.021357   0.021979   0.022617   0.023266   0.023916   0.024546   0.025134   0.025653   0.026070   0.026359   0.026502   0.026483   0.026289   
0.003946   0.004701   0.005457   0.006212   0.006968   0.007724   0.008480   0.009236   0.009992   0.010748   0.011505   0.012262   0.013019   0.013777   0.014535   0.015294   0.016053   0.016813   0.017574   0.018337   0.019102   0.019871   0.020645   0.021427   0.022217   0.023013   0.023813   0.024615   0.025422   0.026238   0.027068   0.027918   0.028791   0.029682   0.030580   0.031464   0.032305   0.033067   0.033713   0.034204   0.034509   0.034607   0.034485   0.034141   0.033590   0.032848   0.031928   0.030844   0.029618   0.028268   
0.007310   0.008372   0.009433   0.010496   0.011559   0.012622   0.013686   0.014750   0.015815   0.016881   0.017946   0.019013   0.020080   0.021149   0.022219   0.023292   0.024368   0.025451   0.026545   0.027649   0.028756   0.029859   0.030956   0.032053   0.033160   0.034287   0.035443   0.036627   0.037830   0.039029   0.040190   0.041265   0.042206   0.042962   0.043486   0.043745   0.043723   0.043419   0.042844   0.042018   0.040964   0.039706   0.038270   0.036670   0.034921   0.033042   0.031051   0.028962   0.026789   0.024542   
0.012128   0.013574   0.015021   0.016468   0.017916   0.019364   0.020813   0.022262   0.023712   0.025162   0.026615   0.028069   0.029529   0.030997   0.032481   0.033975   0.035462   0.036928   0.038375   0.039819   0.041281   0.042776   0.044309   0.045876   0.047451   0.048995   0.050448   0.051744   0.052817   0.053605   0.054059   0.054153   0.053880   0.053255   0.052307   0.051072   0.049580   0.047858   0.045934   0.043832   0.041569   0.039159   0.036622   0.033978   0.031242   0.028421   0.025526   0.022560   0.019525   0.016423   
0.018633   0.020550   0.022466   0.024383   0.026300   0.028216   0.030134   0.032052   0.033974   0.035902   0.037849   0.039815   0.041775   0.043695   0.045568   0.047421   0.049287   0.051190   0.053142   0.055140   0.057156   0.059138   0.061008   0.062680   0.064066   0.065090   0.065691   0.065834   0.065510   0.064742   0.063570   0.062040   0.060199   0.058082   0.055721   0.053143   0.050376   0.047441   0.044354   0.041133   0.037803   0.034378   0.030863   0.027262   0.023577   0.019810   0.015958   0.012014   0.007976   0.003846   
0.027030   0.029508   0.031986   0.034462   0.036939   0.039417   0.041904   0.044413   0.046949   0.049467   0.051908   0.054269   0.056599   0.058949   0.061348   0.063809   0.066325   0.068849   0.071301   0.073572   0.075549   0.077124   0.078213   0.078755   0.078718   0.078108   0.076967   0.075351   0.073323   0.070938   0.068241   0.065268   0.062050   0.058618   0.054998   0.051211   0.047278   0.043222   0.039061   0.034802   0.030445   0.025990   0.021434   0.016776   0.012007   0.007117   0.002110   -0.002987   -0.008111   -0.013167   
0.037496   0.040634   0.043771   0.046910   0.050069   0.053268   0.056471   0.059578   0.062543   0.065430   0.068320   0.071260   0.074272   0.077358   0.080472   0.083515   0.086350   0.088828   0.090814   0.092205   0.092935   0.092960   0.092288   0.090964   0.089062   0.086661   0.083827   0.080621   0.077087   0.073260   0.069180   0.064878   0.060380   0.055711   0.050898   0.045961   0.040914   0.035759   0.030493   0.025111   0.019608   0.013977   0.008205   0.002280   -0.003780   -0.009916   -0.016025   -0.021959   -0.027565   -0.032753   
0.050193   0.054104   0.058045   0.062038   0.065998   0.069779   0.073364   0.076871   0.080401   0.083998   0.087687   0.091454   0.095211   0.098803   0.102043   0.104747   0.106772   0.108029   0.108462   0.108058   0.106845   0.104903   0.102328   0.099204   0.095613   0.091616   0.087256   0.082580   0.077630   0.072439   0.067036   0.061450   0.055714   0.049846   0.043856   0.037747   0.031513   0.025142   0.018627   0.011957   0.005113   -0.001920   -0.009114   -0.016385   -0.023593   -0.030539   -0.037042   -0.043015   -0.048433   -0.053298   
0.065326   0.070222   0.075074   0.079676   0.084003   0.088216   0.092449   0.096761   0.101183   0.105694   0.110174   0.114413   0.118169   0.121223   0.123426   0.124693   0.124991   0.124319   0.122720   0.120294   0.117147   0.113383   0.109094   0.104343   0.099186   0.093675   0.087855   0.081763   0.075432   0.068899   0.062198   0.055350   0.048368   0.041257   0.034004   0.026595   0.019019   0.011260   0.003294   -0.004902   -0.013305   -0.021822   -0.030289   -0.038457   -0.046095   -0.053094   -0.059423   -0.065088   -0.070125   -0.074586   
0.083156   0.088789   0.094026   0.099045   0.104047   0.109125   0.114329   0.119652   0.124962   0.129997   0.134458   0.138075   0.140675   0.142180   0.142569   0.141853   0.140079   0.137342   0.133766   0.129474   0.124570   0.119134   0.113231   0.106917   0.100245   0.093258   0.085991   0.078491   0.070794   0.062926   0.054911   0.046755   0.038444   0.029960   0.021287   0.012405   0.003287   -0.006102   -0.015763   -0.025618   -0.035500   -0.045134   -0.054203   -0.062529   -0.070063   -0.076802   -0.082781   -0.088045   -0.092634   -0.096598   
0.102904   0.108897   0.114752   0.120652   0.126679   0.132866   0.139107   0.145111   0.150513   0.154976   0.158266   0.160297   0.161059   0.160577   0.158897   0.156088   0.152283   0.147621   0.142230   0.136215   0.129649   0.122597   0.115120   0.107267   0.099081   0.090616   0.081910   0.072998   0.063917   0.054683   0.045283   0.035697   0.025903   0.015879   0.005591   -0.004998   -0.015922   -0.027149   -0.038540   -0.049837   -0.060656   -0.070673   -0.079773   -0.087932   -0.095175   -0.101550   -0.107085   -0.111812   -0.115831   -0.119314   
0.124092   0.130890   0.137785   0.144863   0.152092   0.159209   0.165789   0.171416   0.175758   0.178662   0.180129   0.180202   0.178934   0.176372   0.172615   0.167816   0.162126   0.155684   0.148584   0.140902   0.132707   0.124055   0.114999   0.105601   0.095905   0.085949   0.075785   0.065448   0.054935   0.044226   0.033296   0.022119   0.010659   -0.001128   -0.013288   -0.025847   -0.038737   -0.051763   -0.064562   -0.076661   -0.087752   -0.097756   -0.106669   -0.114536   -0.121398   -0.127255   -0.132159   -0.136285   -0.139881   -0.143207   
0.147188   0.155178   0.163395   0.171686   0.179625   0.186706   0.192493   0.196690   0.199248   0.200240   0.199737   0.197792   0.194457   0.189849   0.184137   0.177487   0.170040   0.161890   0.153116   0.143782   0.133948   0.123689   0.113058   0.102097   0.090865   0.079415   0.067772   0.055926   0.043851   0.031518   0.018888   0.005915   -0.007455   -0.021270   -0.035552   -0.050207   -0.064985   -0.079423   -0.092965   -0.105306   -0.116384   -0.126211   -0.134844   -0.142306   -0.148567   -0.153718   -0.158022   -0.161788   -0.165331   -0.168931   
0.172542   0.181963   0.191317   0.200051   0.207616   0.213572   0.217690   0.220014   0.220664   0.219720   0.217235   0.213257   0.207911   0.201382   0.193848   0.185454   0.176302   0.166463   0.156005   0.145010   0.133546   0.121666   0.109430   0.096900   0.084127   0.071136   0.057911   0.044421   0.030629   0.016485   0.001931   -0.013087   -0.028626   -0.044709   -0.061229   -0.077895   -0.094153   -0.109354   -0.123163   -0.135524   -0.146459   -0.156028   -0.164236   -0.171025   -0.176525   -0.181076   -0.185053   -0.188827   -0.192755   -0.196743   
0.200231   0.210656   0.220197   0.228282   0.234488   0.238653   0.240894   0.241359   0.240135   0.237269   0.232801   0.226855   0.219625   0.211298   0.202037   0.191940   0.181080   0.169543   0.157410   0.144749   0.131629   0.118115   0.104269   0.090145   0.075771   0.061129   0.046183   0.030884   0.015174   -0.001010   -0.017730   -0.035046   -0.052992   -0.071468   -0.090163   -0.108449   -0.125567   -0.141105   -0.154997   -0.167267   -0.177975   -0.187120   -0.194609   -0.200584   -0.205461   -0.209670   -0.213697   -0.217928   -0.222522   -0.226833   
0.229375   0.239764   0.248450   0.255036   0.259416   0.261749   0.262209   0.260886   0.257825   0.253050   0.246668   0.238874   0.229874   0.219840   0.208878   0.197072   0.184515   0.171285   0.157461   0.143124   0.128338   0.113168   0.097678   0.081894   0.065805   0.049368   0.032527   0.015213   -0.002640   -0.021097   -0.040229   -0.060081   -0.080583   -0.101433   -0.121963   -0.141288   -0.158856   -0.174566   -0.188441   -0.200532   -0.210847   -0.219258   -0.225871   -0.231160   -0.235662   -0.239892   -0.244518   -0.249664   -0.254662   -0.259604   
0.258427   0.267823   0.274953   0.279739   0.282361   0.283013   0.281797   0.278751   0.273882   0.267261   0.259076   0.249550   0.238865   0.227150   0.214499   0.201001   0.186740   0.171810   0.156293   0.140256   0.123774   0.106912   0.089704   0.072148   0.054197   0.035786   0.016845   -0.002699   -0.022917   -0.043887   -0.065672   -0.088240   -0.111337   -0.134303   -0.156138   -0.176078   -0.193935   -0.209727   -0.223492   -0.235247   -0.244853   -0.252327   -0.258152   -0.263021   -0.267479   -0.272488   -0.278062   -0.284030   -0.289797   -0.295316   
0.286041   0.293894   0.299293   0.302422   0.303487   0.302604   0.299810   0.295087   0.288464   0.280103   0.270233   0.259057   0.246733   0.233362   0.219033   0.203839   0.187880   0.171241   0.153999   0.136234   0.118013   0.099380   0.080347   0.060869   0.040877   0.020297   -0.000947   -0.022937   -0.045754   -0.069480   -0.094124   -0.119507   -0.145046   -0.169673   -0.192360   -0.212740   -0.230807   -0.246586   -0.260092   -0.271208   -0.279830   -0.286403   -0.291701   -0.296541   -0.301750   -0.307825   -0.314703   -0.321403   -0.327797   -0.334235   
0.311413   0.317646   0.321523   0.323247   0.322949   0.320668   0.316363   0.310017   0.301742   0.291757   0.280295   0.267540   0.253609   0.238593   0.222594   0.205712   0.188036   0.169660   0.150663   0.131115   0.111077   0.090572   0.069568   0.047996   0.025779   0.002835   -0.020923   -0.045584   -0.071241   -0.097946   -0.125603   -0.153768   -0.181399   -0.207217   -0.230540   -0.251286   -0.269472   -0.285087   -0.298059   -0.308197   -0.315819   -0.321711   -0.327051   -0.332392   -0.338899   -0.346496   -0.354277   -0.361722   -0.369094   -0.376442   
0.334239   0.339129   0.341791   0.342361   0.340885   0.337303   0.331554   0.323678   0.313869   0.302375   0.289411   0.275120   0.259600   0.242958   0.225290   0.206699   0.187288   0.167137   0.146323   0.124922   0.102969   0.080453   0.057315   0.033475   0.008846   -0.016665   -0.043154   -0.070721   -0.099452   -0.129330   -0.160078   -0.190805   -0.220091   -0.246814   -0.270690   -0.291724   -0.309870   -0.325074   -0.337152   -0.346217   -0.353028   -0.358934   -0.364579   -0.371289   -0.379392   -0.388214   -0.396902   -0.405291   -0.413680   -0.422400   
0.354543   0.358467   0.360235   0.359896   0.357381   0.352589   0.345487   0.336207   0.324999   0.312103   0.297696   0.281899   0.264814   0.246543   0.227195   0.206881   0.185689   0.163702   0.141005   0.117655   0.093660   0.068984   0.043549   0.017262   -0.009975   -0.038263   -0.067709   -0.098420   -0.130445   -0.163654   -0.197425   -0.230374   -0.260952   -0.288462   -0.312828   -0.333993   -0.351856   -0.366311   -0.377320   -0.385503   -0.392130   -0.398305   -0.405089   -0.413424   -0.423083   -0.433102   -0.442674   -0.452242   -0.462127   -0.472147   
0.372408   0.375779   0.376972   0.375924   0.372500   0.366604   0.358282   0.347751   0.335270   0.321050   0.305249   0.287972   0.269324   0.249423   0.228381   0.206298   0.183265   0.159377   0.134709   0.109296   0.083126   0.056136   0.028230   -0.000693   -0.030738   -0.062021   -0.094657   -0.128745   -0.164266   -0.200886   -0.237475   -0.272271   -0.303951   -0.332183   -0.356901   -0.377939   -0.395226   -0.408716   -0.418852   -0.426580   -0.433493   -0.440447   -0.448748   -0.458843   -0.470069   -0.481056   -0.491949   -0.503058   -0.514411   -0.526002   
0.387917   0.391155   0.392062   0.390492   0.386299   0.379447   0.370075   0.358439   0.344785   0.329311   0.312149   0.293407   0.273205   0.251659   0.228879   0.204973   0.180038   0.154168   0.127427   0.099832   0.071342   0.041872   0.011318   -0.020433   -0.053496   -0.087998   -0.124061   -0.161753   -0.200946   -0.240935   -0.280056   -0.316411   -0.349100   -0.377939   -0.402754   -0.423385   -0.439878   -0.452633   -0.462091   -0.470020   -0.477412   -0.485589   -0.495666   -0.507657   -0.520156   -0.532587   -0.545027   -0.557755   -0.570929   -0.583928   
0.401109   0.404636   0.405533   0.403641   0.398860   0.391236   0.380981   0.368368   0.353634   0.336958   0.318463   0.298272   0.276503   0.253276   0.228713   0.202924   0.176013   0.148075   0.119154   0.089244   0.058280   0.026161   -0.007226   -0.042004   -0.078301   -0.116254   -0.155983   -0.197496   -0.240476   -0.283687   -0.325033   -0.362781   -0.396369   -0.425593   -0.450205   -0.470236   -0.486225   -0.498232   -0.507693   -0.515884   -0.524121   -0.533894   -0.545974   -0.559702   -0.573863   -0.587834   -0.602019   -0.616751   -0.631575   -0.646114   
0.411975   0.416216   0.417402   0.415427   0.410270   0.402068   0.391091   0.377618   0.361883   0.344051   0.324251   0.302605   0.279243   0.254299   0.227900   0.200162   0.171202   0.141099   0.109877   0.077510   0.043911   0.008969   -0.027441   -0.065453   -0.105206   -0.146849   -0.190480   -0.236016   -0.282805   -0.329030   -0.372341   -0.411353   -0.445646   -0.474958   -0.499156   -0.518942   -0.534336   -0.546148   -0.555664   -0.564342   -0.573847   -0.585460   -0.599660   -0.615418   -0.631207   -0.647017   -0.663300   -0.679940   -0.696553   -0.712897   
0.420434   0.425870   0.427690   0.425907   0.420603   0.412020   0.400473   0.386253   0.369589   0.350642   0.329542   0.306429   0.281449   0.254746   0.226453   0.196702   0.165608   0.133231   0.099580   0.064607   0.028209   -0.009737   -0.049367   -0.090825   -0.134267   -0.179843   -0.227607   -0.277331   -0.327869   -0.376865   -0.421936   -0.462027   -0.496757   -0.525910   -0.550088   -0.569547   -0.584739   -0.596416   -0.606071   -0.615675   -0.626633   -0.640421   -0.657071   -0.674755   -0.692491   -0.710429   -0.728818   -0.747574   -0.765994   -0.784687   
0.426354   0.433552   0.436408   0.435113   0.429914   0.421150   0.409185   0.394323   0.376795   0.356755   0.334359   0.309768   0.283139   0.254630   0.224387   0.192552   0.159228   0.124462   0.088245   0.050512   0.011144   -0.029992   -0.073044   -0.118170   -0.165538   -0.215291   -0.267413   -0.321434   -0.375601   -0.427105   -0.473730   -0.514639   -0.549570   -0.578904   -0.603047   -0.622523   -0.637499   -0.648981   -0.659242   -0.669848   -0.682700   -0.699099   -0.718132   -0.738046   -0.757923   -0.778076   -0.798853   -0.819718   -0.840097   -0.861929   
0.429776   0.439181   0.443530   0.443068   0.438241   0.429505   0.417271   0.401864   0.383517   0.362411   0.338726   0.312639   0.284330   0.253969   0.221714   0.187714   0.152057   0.114777   0.075855   0.035202   -0.007311   -0.051830   -0.098514   -0.147537   -0.199077   -0.253248   -0.309942   -0.368301   -0.425916   -0.479649   -0.527560   -0.569075   -0.604458   -0.634005   -0.658499   -0.677922   -0.692467   -0.704221   -0.715098   -0.727098   -0.742336   -0.761454   -0.783210   -0.805416   -0.827555   -0.850245   -0.873454   -0.896481   -0.919108   -0.944866   
0.431129   0.442624   0.449012   0.449775   0.445614   0.437114   0.424754   0.408887   0.389775   0.367630   0.342658   0.315061   0.285039   0.252774   0.218441   0.182186   0.144085   0.104165   0.062390   0.018653   -0.027187   -0.075288   -0.125822   -0.178977   -0.234936   -0.293768   -0.355220   -0.417885   -0.478693   -0.534340   -0.583311   -0.625580   -0.661496   -0.691748   -0.716473   -0.735505   -0.750037   -0.762044   -0.773840   -0.787678   -0.805550   -0.827890   -0.852365   -0.876935   -0.901658   -0.927002   -0.952739   -0.977990   -1.003439   -1.033645   
0.430659   0.443946   0.452779   0.455223   0.452038   0.443989   0.431640   0.415407   0.395585   0.372428   0.346174   0.317051   0.285277   0.251052   0.214569   0.175962   0.135303   0.092611   0.047831   0.000839   -0.048515   -0.100403   -0.155011   -0.212541   -0.273169   -0.336903   -0.403250   -0.470109   -0.533764   -0.591040   -0.641057   -0.684306   -0.721310   -0.752087   -0.776724   -0.795655   -0.810113   -0.822633   -0.835638   -0.851619   -0.872810   -0.898449   -0.925662   -0.952848   -0.980303   -1.008477   -1.036806   -1.064443   -1.093537   -1.128407   
0.428577   0.443469   0.454722   0.459372   0.457500   0.450122   0.437938   0.421434   0.400963   0.376825   0.349293   0.318622   0.285053   0.248812   0.210098   0.169039   0.125703   0.080100   0.032156   -0.018265   -0.071328   -0.127215   -0.186127   -0.248280   -0.313830   -0.382697   -0.454001   -0.524832   -0.590946   -0.649651   -0.701132   -0.745958   -0.783728   -0.814845   -0.839582   -0.858273   -0.872886   -0.886072   -0.900515   -0.919402   -0.944219   -0.973194   -1.003288   -1.033224   -1.063643   -1.094771   -1.125774   -1.156108   -1.189607   -1.229374   
0.425294   0.441372   0.454788   0.462151   0.461967   0.455506   0.443649   0.426980   0.405924   0.380835   0.352024   0.319781   0.284375   0.246056   0.205026   0.161408   0.115272   0.066615   0.015344   -0.038689   -0.095659   -0.155761   -0.219215   -0.286245   -0.356970   -0.431173   -0.507392   -0.581842   -0.650053   -0.710703   -0.764188   -0.810194   -0.848747   -0.880256   -0.904938   -0.923569   -0.938354   -0.952372   -0.968903   -0.991221   -1.019852   -1.052289   -1.085291   -1.118207   -1.151800   -1.186005   -1.219826   -1.253252   -1.291776   -1.336788   
0.421009   0.437990   0.453169   0.463461   0.465402   0.460131   0.448777   0.432056   0.410483   0.384470   0.354378   0.320538   0.283249   0.242785   0.199348   0.153063   0.103999   0.052138   -0.002628   -0.060459   -0.121540   -0.186083   -0.254322   -0.326488   -0.402632   -0.482306   -0.563266   -0.640939   -0.711536   -0.774527   -0.829891   -0.877221   -0.916407   -0.948278   -0.973004   -0.991451   -1.006567   -1.021800   -1.041113   -1.067180   -1.099872   -1.135742   -1.171805   -1.207936   -1.244886   -1.282354   -1.319099   -1.356231   -1.400216   -1.450853   
0.415830   0.433653   0.450047   0.463176   0.467756   0.463983   0.453324   0.436671   0.414646   0.387737   0.356363   0.320898   0.281679   0.238999   0.193060   0.143995   0.091869   0.036650   -0.021784   -0.083603   -0.149006   -0.218220   -0.291497   -0.369056   -0.450836   -0.536017   -0.621420   -0.702115   -0.775495   -0.841235   -0.898578   -0.946791   -0.986829   -1.019109   -1.043623   -1.062036   -1.077590   -1.094777   -1.117236   -1.147496   -1.184280   -1.223642   -1.262965   -1.302531   -1.343087   -1.383921   -1.423762   -1.465392   -1.515119   -1.571769   
0.409755   0.428500   0.445820   0.461218   0.468971   0.467042   0.457287   0.440827   0.418420   0.390644   0.357985   0.320867   0.279668   0.234695   0.186157   0.134194   0.078867   0.020131   -0.042148   -0.108152   -0.178092   -0.252215   -0.330788   -0.413984   -0.501568   -0.592141   -0.681588   -0.765732   -0.842655   -0.910988   -0.969780   -1.019270   -1.060137   -1.092580   -1.116961   -1.135193   -1.151932   -1.171355   -1.197548   -1.232189   -1.273141   -1.316108   -1.358877   -1.402177   -1.446523   -1.490812   -1.534036   -1.580938   -1.636696   -1.699721   
0.402832   0.422538   0.440809   0.457695   0.468972   0.469284   0.460660   0.444526   0.421809   0.393196   0.359249   0.320449   0.277216   0.229870   0.178631   0.123648   0.064978   0.002562   -0.063744   -0.134133   -0.208834   -0.288110   -0.372237   -0.461285   -0.554750   -0.650469   -0.744257   -0.832565   -0.912776   -0.983423   -1.043995   -1.094648   -1.136250   -1.168813   -1.192782   -1.211474   -1.229577   -1.251872   -1.282089   -1.321325   -1.366558   -1.413230   -1.459715   -1.507015   -1.555297   -1.603186   -1.650153   -1.703007   -1.765141   -1.834881   
0.395188   0.415885   0.435089   0.453048   0.467658   0.470671   0.463429   0.447765   0.424816   0.395397   0.360160   0.319649   0.274324   0.224519   0.170474   0.112346   0.050186   -0.016076   -0.086597   -0.161579   -0.241269   -0.325950   -0.415873   -0.510936   -0.610218   -0.710852   -0.809526   -0.902305   -0.985895   -1.058823   -1.121069   -1.173010   -1.215133   -1.247644   -1.271551   -1.290813   -1.310899   -1.336376   -1.370956   -1.415003   -1.464598   -1.515140   -1.565645   -1.617155   -1.669556   -1.721188   -1.772403   -1.831732   -1.900636   -1.977419   
0.386673   0.408540   0.428750   0.447719   0.464890   0.471157   0.465578   0.450540   0.427442   0.397251   0.360721   0.318467   0.270988   0.218638   0.161678   0.100275   0.034474   -0.035806   -0.110731   -0.190520   -0.275436   -0.365771   -0.461704   -0.562855   -0.667707   -0.773730   -0.878109   -0.975234   -1.061738   -1.137171   -1.201238   -1.254176   -1.296862   -1.329253   -1.353241   -1.373586   -1.395949   -1.424970   -1.464259   -1.513309   -1.567349   -1.622011   -1.676770   -1.732746   -1.789427   -1.844969   -1.901078   -1.967279   -2.043361   -2.127517   
0.377423   0.400496   0.421809   0.441795   0.460633   0.470680   0.467087   0.452846   0.429687   0.398761   0.360936   0.316905   0.267204   0.212219   0.152234   0.087422   0.017826   -0.056647   -0.136175   -0.220989   -0.311372   -0.407600   -0.509703   -0.616878   -0.727346   -0.839847   -0.949810   -1.050899   -1.140745   -1.218673   -1.284312   -1.338345   -1.381277   -1.413825   -1.438092   -1.459897   -1.484815   -1.517767   -1.562115   -1.616302   -1.674968   -1.733949   -1.793238   -1.853920   -1.915024   -1.974695   -2.036441   -2.109826   -2.193492   -2.285368   
0.367495   0.391897   0.414299   0.435348   0.455376   0.469163   0.467930   0.454675   0.431551   0.399928   0.360805   0.314960   0.262970   0.205257   0.142132   0.073775   0.000225   -0.078622   -0.162954   -0.253019   -0.349110   -0.451443   -0.559789   -0.672662   -0.789342   -0.909074   -1.024597   -1.129718   -1.222842   -1.303228   -1.370353   -1.425258   -1.468823   -1.501337   -1.526309   -1.549825   -1.577602   -1.614905   -1.664591   -1.724104   -1.787551   -1.851089   -1.915204   -1.980791   -2.046472   -2.110549   -2.178678   -2.259548   -2.351211   -2.451169   
0.356768   0.382663   0.406321   0.428394   0.449517   0.466502   0.468074   0.456016   0.433032   0.400753   0.360330   0.312629   0.258279   0.197745   0.131362   0.059320   -0.018346   -0.101752   -0.191096   -0.286644   -0.388673   -0.497279   -0.611792   -0.730584   -0.854838   -0.981571   -1.102135   -1.211592   -1.308161   -1.390694   -1.459391   -1.515320   -1.559268   -1.592088   -1.617974   -1.643453   -1.674439   -1.716489   -1.771793   -1.836822   -1.905194   -1.973578   -2.042788   -2.113484   -2.183904   -2.252720   -2.327921   -2.416625   -2.516705   -2.625118   
0.345284   0.372751   0.397786   0.421027   0.443174   0.462640   0.467480   0.456858   0.434126   0.401235   0.359509   0.309909   0.253128   0.189675   0.119913   0.044043   -0.037908   -0.126062   -0.220631   -0.321891   -0.430067   -0.545040   -0.665296   -0.790716   -0.923425   -1.056996   -1.182959   -1.296776   -1.396527   -1.481305   -1.551351   -1.608464   -1.652907   -1.686124   -1.713187   -1.740873   -1.775456   -1.822617   -1.883855   -1.954528   -2.028042   -2.101534   -2.176109   -2.252125   -2.327467   -2.401423   -2.484294   -2.581239   -2.690162   -2.807404   
0.333131   0.362268   0.388722   0.413196   0.436408   0.457759   0.466098   0.457183   0.434829   0.401374   0.358340   0.306798   0.247511   0.181040   0.107776   0.027930   -0.058477   -0.151574   -0.251587   -0.358784   -0.473281   -0.594568   -0.720731   -0.854242   -0.995255   -1.135433   -1.266922   -1.385143   -1.487923   -1.574799   -1.646664   -1.704758   -1.749760   -1.783567   -1.812027   -1.842202   -1.880742   -1.933440   -2.000841   -2.077342   -2.156216   -2.235079   -2.315290   -2.396846   -2.477309   -2.556882   -2.647920   -2.753577   -2.871774   -2.998218   
0.320348   0.351259   0.379220   0.404938   0.429270   0.452076   0.463864   0.456975   0.435134   0.401165   0.356818   0.303289   0.241422   0.171831   0.094938   0.010965   -0.080073   -0.178313   -0.283991   -0.397331   -0.518266   -0.645439   -0.778098   -0.920882   -1.069879   -1.217069   -1.354217   -1.476547   -1.582507   -1.671591   -1.745091   -1.804337   -1.849905   -1.884524   -1.914588   -1.947529   -1.990431   -2.049060   -2.122843   -2.205375   -2.289827   -2.374342   -2.460461   -2.547772   -2.633578   -2.719315   -2.818954   -2.933831   -3.061723   -3.197741   
0.306981   0.339779   0.369334   0.396346   0.421753   0.445799   0.460703   0.456208   0.435034   0.400605   0.354942   0.299381   0.234855   0.162041   0.081389   -0.006867   -0.102716   -0.206303   -0.317863   -0.437527   -0.564905   -0.697856   -0.838677   -0.990627   -1.147739   -1.302008   -1.444685   -1.571133   -1.680044   -1.771647   -1.846914   -1.907200   -1.953451   -1.989079   -2.020972   -2.056944   -2.104672   -2.169559   -2.249976   -2.338719   -2.428988   -2.519452   -2.611753   -2.705035   -2.796414   -2.888935   -2.997577   -3.122189   -3.260192   -3.406158   
0.292998   0.327809   0.359085   0.387477   0.413952   0.439123   0.456637   0.454855   0.434517   0.399689   0.352706   0.295067   0.227806   0.151660   0.067116   -0.025583   -0.126427   -0.235569   -0.353216   -0.479344   -0.612894   -0.751790   -0.902259   -1.063017   -1.228726   -1.390227   -1.538184   -1.668849   -1.781093   -1.875018   -1.952072   -2.013421   -2.060506   -2.097324   -2.131241   -2.170601   -2.223546   -2.295051   -2.382328   -2.477477   -2.573816   -2.670537   -2.769299   -2.868761   -2.965956   -3.065933   -3.183974   -3.318833   -3.467358   -3.623650   
0.278365   0.315313   0.348438   0.378330   0.405936   0.432109   0.451831   0.452881   0.433573   0.398412   0.350107   0.290344   0.220265   0.140680   0.052107   -0.045197   -0.151225   -0.266131   -0.390051   -0.522712   -0.661861   -0.808781   -0.968766   -1.138664   -1.313103   -1.481606   -1.634957   -1.769729   -1.885372   -1.981856   -2.060591   -2.123094   -2.171168   -2.209335   -2.245500   -2.288606   -2.347168   -2.425630   -2.519989   -2.621758   -2.724435   -2.827725   -2.933226   -3.039075   -3.142348   -3.250467   -3.378337   -3.523944   -3.683400   -3.850394   
0.263055   0.302266   0.337362   0.368871   0.397717   0.424857   0.446395   0.450243   0.432188   0.396767   0.347140   0.285205   0.212228   0.129090   0.036348   -0.065728   -0.177132   -0.298004   -0.428355   -0.567456   -0.712002   -0.868520   -1.037742   -1.217343   -1.400724   -1.576006   -1.734780   -1.874156   -1.993163   -2.092110   -2.172536   -2.236308   -2.285538   -2.325170   -2.363878   -2.411048   -2.475662   -2.561375   -2.663051   -2.771672   -2.880967   -2.991146   -3.103660   -3.216100   -3.325735   -3.442686   -3.580851   -3.737694   -3.908494   -4.086568   
0.247047   0.288646   0.325831   0.359071   0.389263   0.417429   0.440442   0.446885   0.430347   0.394748   0.343800   0.279645   0.203687   0.116881   0.019827   -0.087191   -0.204167   -0.331195   -0.468096   -0.612871   -0.764895   -0.930988   -1.109834   -1.299380   -1.491494   -1.673711   -1.837962   -1.981893   -2.104442   -2.205809   -2.287987   -2.353168   -2.403670   -2.444950   -2.486440   -2.538058   -2.609120   -2.702375   -2.811611   -2.927329   -3.043538   -3.160929   -3.280725   -3.399954   -3.516278   -3.642742   -3.791701   -3.960254   -4.142813   -4.332345   
0.230322   0.274435   0.313826   0.348909   0.380547   0.409819   0.434102   0.442766   0.428031   0.392346   0.340082   0.273659   0.194633   0.104043   0.002530   -0.109604   -0.232346   -0.365701   -0.509191   -0.659619   -0.820081   -0.995780   -1.184798   -1.384590   -1.585259   -1.774413   -1.944644   -2.093249   -2.219211   -2.323001   -2.407023   -2.473782   -2.525631   -2.568772   -2.613281   -2.669739   -2.747633   -2.848724   -2.965767   -3.088838   -3.212269   -3.337202   -3.464541   -3.590761   -3.714159   -3.850784   -4.011060   -4.191793   -4.386525   -4.587900   


#  Thrust coefficient

0.046660   0.046399   0.046123   0.045830   0.045522   0.045201   0.044866   0.044520   0.044162   0.043793   0.043415   0.043029   0.042635   0.042234   0.041825   0.041411   0.040992   0.040568   0.040142   0.039714   0.039285   0.038856   0.038429   0.038005   0.037584   0.037168   0.036758   0.036355   0.035962   0.035583   0.035221   0.034884   0.034576   0.034303   0.034074   0.033898   0.033772   0.033696   0.033664   0.033669   0.033707   0.033765   0.033825   0.033862   0.033851   0.033769   0.033591   0.033299   0.032874   0.032306   
0.050790   0.050524   0.050246   0.049956   0.049656   0.049346   0.049027   0.048701   0.048369   0.048031   0.047688   0.047340   0.046989   0.046635   0.046280   0.045925   0.045570   0.045219   0.044871   0.044530   0.044197   0.043876   0.043570   0.043280   0.043012   0.042772   0.042570   0.042416   0.042317   0.042275   0.042289   0.042357   0.042474   0.042634   0.042823   0.043021   0.043199   0.043326   0.043368   0.043289   0.043059   0.042653   0.042055   0.041269   0.040305   0.039174   0.037887   0.036464   0.034925   0.033282   
0.056297   0.056060   0.055814   0.055562   0.055304   0.055042   0.054777   0.054508   0.054237   0.053965   0.053693   0.053422   0.053155   0.052892   0.052638   0.052396   0.052168   0.051960   0.051775   0.051618   0.051502   0.051439   0.051438   0.051504   0.051637   0.051834   0.052091   0.052402   0.052751   0.053118   0.053475   0.053784   0.053997   0.054068   0.053949   0.053606   0.053018   0.052181   0.051102   0.049798   0.048291   0.046605   0.044761   0.042778   0.040674   0.038463   0.036161   0.033781   0.031335   0.028834   
0.063345   0.063171   0.062994   0.062816   0.062637   0.062459   0.062281   0.062107   0.061937   0.061774   0.061624   0.061489   0.061376   0.061288   0.061231   0.061215   0.061256   0.061370   0.061567   0.061849   0.062210   0.062645   0.063148   0.063704   0.064291   0.064872   0.065400   0.065820   0.066069   0.066089   0.065828   0.065252   0.064351   0.063131   0.061618   0.059841   0.057833   0.055621   0.053229   0.050682   0.048003   0.045208   0.042310   0.039328   0.036277   0.033166   0.030002   0.026786   0.023522   0.020210   
0.072063   0.071989   0.071916   0.071848   0.071785   0.071730   0.071688   0.071664   0.071665   0.071697   0.071765   0.071878   0.072055   0.072318   0.072683   0.073154   0.073725   0.074388   0.075137   0.075954   0.076809   0.077657   0.078436   0.079073   0.079490   0.079613   0.079378   0.078741   0.077686   0.076225   0.074394   0.072232   0.069782   0.067084   0.064170   0.061065   0.057799   0.054397   0.050877   0.047254   0.043546   0.039770   0.035934   0.032039   0.028085   0.024075   0.020006   0.015876   0.011682   0.007431   
0.082552   0.082612   0.082685   0.082773   0.082886   0.083030   0.083214   0.083445   0.083732   0.084100   0.084579   0.085186   0.085922   0.086779   0.087749   0.088820   0.089967   0.091143   0.092280   0.093292   0.094085   0.094560   0.094630   0.094225   0.093305   0.091862   0.089929   0.087556   0.084796   0.081705   0.078332   0.074714   0.070886   0.066876   0.062714   0.058426   0.054027   0.049536   0.044974   0.040346   0.035653   0.030896   0.026073   0.021181   0.016216   0.011173   0.006057   0.000910   -0.004193   -0.009156   
0.094900   0.095154   0.095443   0.095778   0.096169   0.096623   0.097164   0.097829   0.098646   0.099622   0.100748   0.102015   0.103410   0.104905   0.106445   0.107945   0.109298   0.110383   0.111079   0.111280   0.110903   0.109897   0.108247   0.105994   0.103199   0.099931   0.096261   0.092247   0.087941   0.083387   0.078617   0.073668   0.068570   0.063344   0.058012   0.052600   0.047115   0.041561   0.035937   0.030242   0.024470   0.018616   0.012671   0.006632   0.000525   -0.005569   -0.011536   -0.017253   -0.022612   -0.027541   
0.109253   0.109794   0.110406   0.111103   0.111916   0.112892   0.114056   0.115407   0.116938   0.118634   0.120474   0.122409   0.124351   0.126179   0.127743   0.128889   0.129479   0.129409   0.128608   0.127037   0.124711   0.121697   0.118081   0.113950   0.109381   0.104441   0.099189   0.093669   0.087925   0.081996   0.075905   0.069682   0.063358   0.056952   0.050472   0.043920   0.037295   0.030589   0.023797   0.016910   0.009914   0.002806   -0.004369   -0.011499   -0.018439   -0.025042   -0.031180   -0.036782   -0.041815   -0.046282   
0.125801   0.126746   0.127831   0.129110   0.130612   0.132337   0.134277   0.136413   0.138715   0.141119   0.143506   0.145717   0.147559   0.148839   0.149408   0.149166   0.148048   0.146029   0.143131   0.139440   0.135065   0.130108   0.124660   0.118800   0.112588   0.106079   0.099327   0.092369   0.085231   0.077952   0.070566   0.063095   0.055548   0.047929   0.040234   0.032452   0.024576   0.016593   0.008487   0.000245   -0.008087   -0.016375   -0.024451   -0.032134   -0.039267   -0.045758   -0.051565   -0.056694   -0.061189   -0.065099   
0.144765   0.146325   0.148142   0.150224   0.152562   0.155138   0.157914   0.160822   0.163723   0.166418   0.168668   0.170232   0.170941   0.170695   0.169435   0.167140   0.163826   0.159585   0.154542   0.148820   0.142533   0.135771   0.128601   0.121092   0.113303   0.105276   0.097043   0.088650   0.080136   0.071526   0.062841   0.054086   0.045255   0.036336   0.027317   0.018184   0.008915   -0.000511   -0.010075   -0.019648   -0.029035   -0.038027   -0.046417   -0.054070   -0.060919   -0.066957   -0.072231   -0.076792   -0.080667   -0.083854   
0.166506   0.168908   0.171617   0.174614   0.177861   0.181294   0.184777   0.188079   0.190910   0.192972   0.194042   0.194014   0.192838   0.190489   0.186976   0.182366   0.176795   0.170412   0.163356   0.155737   0.147637   0.139135   0.130298   0.121175   0.111811   0.102258   0.092555   0.082738   0.072842   0.062881   0.052848   0.042729   0.032511   0.022176   0.011699   0.001051   -0.009783   -0.020724   -0.031571   -0.042085   -0.052019   -0.061153   -0.069374   -0.076637   -0.082977   -0.088457   -0.093110   -0.096936   -0.099928   -0.102099   
0.191298   0.194676   0.198367   0.202314   0.206412   0.210426   0.214019   0.216827   0.218541   0.219004   0.218177   0.216038   0.212592   0.207871   0.201985   0.195103   0.187394   0.179003   0.170035   0.160577   0.150709   0.140490   0.129977   0.119230   0.108297   0.097217   0.086040   0.074798   0.063493   0.052110   0.040633   0.029043   0.017311   0.005405   -0.006707   -0.019025   -0.031405   -0.043592   -0.055310   -0.066264   -0.076234   -0.085113   -0.092888   -0.099621   -0.105374   -0.110150   -0.113937   -0.116742   -0.118615   -0.119630   
0.219282   0.223699   0.228377   0.233143   0.237638   0.241427   0.244107   0.245399   0.245227   0.243598   0.240516   0.235999   0.230103   0.222973   0.214803   0.205777   0.196046   0.185713   0.174869   0.163588   0.151936   0.139989   0.127803   0.115426   0.102912   0.090316   0.077662   0.064944   0.052145   0.039242   0.026206   0.013000   -0.000412   -0.014066   -0.027939   -0.041838   -0.055466   -0.068500   -0.080604   -0.091540   -0.101211   -0.109622   -0.116856   -0.122965   -0.127924   -0.131722   -0.134388   -0.136003   -0.136666   -0.136467   
0.250498   0.255940   0.261374   0.266310   0.270242   0.272758   0.273625   0.272839   0.270444   0.266464   0.260929   0.253910   0.245577   0.236145   0.225812   0.214734   0.203021   0.190757   0.178020   0.164899   0.151468   0.137785   0.123911   0.109910   0.095831   0.081697   0.067500   0.053218   0.038819   0.024266   0.009515   -0.005473   -0.020734   -0.036234   -0.051749   -0.066939   -0.081438   -0.094858   -0.106932   -0.117559   -0.126759   -0.134623   -0.141200   -0.146437   -0.150334   -0.152934   -0.154343   -0.154688   -0.154101   -0.152771   
0.284901   0.291005   0.296371   0.300445   0.302817   0.303302   0.301953   0.298854   0.294044   0.287562   0.279488   0.270003   0.259340   0.247711   0.235289   0.222179   0.208465   0.194249   0.179621   0.164658   0.149432   0.134013   0.118464   0.102837   0.087158   0.071418   0.055585   0.039622   0.023484   0.007125   -0.009499   -0.026427   -0.043625   -0.060856   -0.077745   -0.093879   -0.108814   -0.122232   -0.134015   -0.144185   -0.152837   -0.160025   -0.165677   -0.169791   -0.172424   -0.173683   -0.173788   -0.172832   -0.171234   -0.169028   
0.321953   0.327770   0.332028   0.334321   0.334495   0.332655   0.328929   0.323373   0.316034   0.306989   0.296417   0.284563   0.271662   0.257899   0.243382   0.228213   0.212497   0.196329   0.179797   0.162989   0.145974   0.128819   0.111583   0.094294   0.076942   0.059493   0.041902   0.024117   0.006090   -0.012224   -0.030869   -0.049827   -0.068870   -0.087595   -0.105547   -0.122220   -0.137221   -0.150395   -0.161750   -0.171380   -0.179352   -0.185592   -0.190071   -0.192858   -0.194083   -0.193975   -0.192833   -0.190921   -0.188336   -0.185570   
0.360463   0.364980   0.367285   0.367240   0.364997   0.360733   0.354529   0.346436   0.336521   0.324943   0.311955   0.297816   0.282725   0.266815   0.250192   0.232965   0.215237   0.197112   0.178684   0.160027   0.141213   0.122308   0.103343   0.084314   0.065184   0.045901   0.026411   0.006665   -0.013387   -0.033794   -0.054562   -0.075497   -0.096187   -0.116134   -0.134780   -0.151631   -0.166464   -0.179257   -0.190093   -0.199055   -0.206084   -0.211115   -0.214210   -0.215550   -0.215343   -0.214136   -0.211864   -0.209115   -0.205986   -0.202434   
0.399274   0.401697   0.401542   0.398996   0.394292   0.387546   0.378813   0.368144   0.355663   0.341622   0.326295   0.309911   0.292633   0.274572   0.255837   0.236544   0.216809   0.196730   0.176392   0.155875   0.135244   0.114539   0.093766   0.072891   0.051857   0.030610   0.009095   -0.012742   -0.034951   -0.057566   -0.080448   -0.103206   -0.125310   -0.146158   -0.165144   -0.181936   -0.196460   -0.208773   -0.218962   -0.227009   -0.232809   -0.236430   -0.238026   -0.237967   -0.236669   -0.234277   -0.231329   -0.227824   -0.223853   -0.219660   
0.437512   0.437363   0.434627   0.429588   0.422414   0.413163   0.401869   0.388615   0.373623   0.357185   0.339567   0.320963   0.301496   0.281274   0.260427   0.239074   0.217325   0.195279   0.173017   0.150609   0.128107   0.105527   0.082844   0.060002   0.036944   0.013612   -0.010051   -0.034101   -0.058589   -0.083449   -0.108344   -0.132732   -0.155982   -0.177391   -0.196469   -0.213054   -0.227160   -0.238856   -0.248173   -0.254998   -0.259395   -0.261474   -0.261788   -0.260472   -0.258148   -0.254973   -0.251157   -0.246816   -0.242158   -0.237222   
0.474622   0.471820   0.466562   0.459075   0.449436   0.437655   0.423781   0.407976   0.390537   0.371768   0.351898   0.331075   0.309409   0.287033   0.264073   0.240650   0.216877   0.192840   0.168613   0.144263   0.119818   0.095265   0.070559   0.045639   0.020444   -0.005088   -0.031017   -0.057401   -0.084247   -0.111305   -0.138064   -0.163867   -0.187958   -0.209661   -0.228670   -0.244932   -0.258470   -0.269336   -0.277476   -0.282920   -0.285805   -0.286673   -0.285628   -0.283416   -0.280127   -0.276020   -0.271357   -0.266208   -0.260772   -0.255435   
0.510441   0.505094   0.497418   0.487523   0.475409   0.461082   0.444639   0.426348   0.406545   0.385498   0.363389   0.340342   0.316483   0.291945   0.266861   0.241358   0.215529   0.189455   0.163215   0.136852   0.110373   0.083746   0.056913   0.029806   0.002363   -0.025482   -0.053791   -0.082615   -0.111826   -0.140985   -0.169439   -0.196408   -0.221061   -0.242879   -0.261693   -0.277468   -0.290217   -0.299976   -0.306773   -0.310815   -0.312470   -0.312036   -0.310027   -0.306787   -0.302471   -0.297508   -0.291884   -0.285983   -0.280098   -0.274236   
0.544979   0.537256   0.527253   0.514970   0.500374   0.483502   0.464556   0.443877   0.421777   0.398476   0.374132   0.348860   0.322797   0.296090   0.268869   0.241247   0.213314   0.185154   0.156834   0.128378   0.099775   0.070975   0.041910   0.012512   -0.017287   -0.047554   -0.078356   -0.109682   -0.141214   -0.172350   -0.202307   -0.230178   -0.255188   -0.276982   -0.295432   -0.310481   -0.322191   -0.330673   -0.336224   -0.339002   -0.339511   -0.337941   -0.334892   -0.330526   -0.325295   -0.319259   -0.312912   -0.306462   -0.299991   -0.293834   
0.578290   0.568355   0.556091   0.541435   0.524372   0.505018   0.483673   0.460689   0.436331   0.410793   0.384208   0.356702   0.328431   0.299534   0.270136   0.240347   0.210259   0.179953   0.149480   0.118849   0.088029   0.056957   0.025560   -0.006232   -0.038491   -0.071289   -0.104682   -0.138519   -0.172300   -0.205270   -0.236517   -0.265061   -0.290271   -0.311867   -0.329703   -0.343772   -0.354282   -0.361699   -0.366005   -0.367794   -0.367044   -0.364364   -0.360145   -0.354735   -0.348373   -0.341605   -0.334594   -0.327519   -0.320716   -0.314118   
0.610392   0.598395   0.583934   0.566952   0.547488   0.525757   0.502116   0.476883   0.450294   0.422520   0.393686   0.363942   0.333436   0.302309   0.270689   0.238682   0.206381   0.173865   0.141165   0.108274   0.075144   0.041703   0.007876   -0.026411   -0.061236   -0.096671   -0.132719   -0.169043   -0.204976   -0.239624   -0.271942   -0.300976   -0.326206   -0.347353   -0.364300   -0.377234   -0.386852   -0.393119   -0.396545   -0.397080   -0.395091   -0.391239   -0.385827   -0.379240   -0.372095   -0.364553   -0.356892   -0.349415   -0.342098   -0.335095   
0.641254   0.627354   0.610802   0.591586   0.569831   0.545839   0.519979   0.492538   0.463735   0.433722   0.402631   0.370620   0.337842   0.304443   0.270549   0.236267   0.201699   0.166905   0.131900   0.096662   0.061129   0.025226   -0.011128   -0.048011   -0.085504   -0.123677   -0.162406   -0.201170   -0.239145   -0.275302   -0.308486   -0.337822   -0.362821   -0.383232   -0.399102   -0.411279   -0.419908   -0.425380   -0.427672   -0.426858   -0.423670   -0.418512   -0.411855   -0.404398   -0.396381   -0.388166   -0.380016   -0.371958   -0.364219   -0.356807   
0.670806   0.655227   0.636739   0.615422   0.591501   0.565356   0.537338   0.507723   0.476714   0.444450   0.411077   0.376764   0.341673   0.305954   0.269733   0.233127   0.196230   0.159086   0.121695   0.084024   0.045998   0.007539   -0.031439   -0.071019   -0.111283   -0.152270   -0.193680   -0.234819   -0.274720   -0.312202   -0.346045   -0.375434   -0.399908   -0.419356   -0.434545   -0.445900   -0.453864   -0.458360   -0.459287   -0.457232   -0.452648   -0.446170   -0.438520   -0.430096   -0.421379   -0.412585   -0.403792   -0.395268   -0.387078   -0.379216   
0.698974   0.682016   0.661794   0.638530   0.612585   0.584377   0.554258   0.522494   0.489274   0.454734   0.419048   0.382396   0.344948   0.306860   0.268264   0.229279   0.189988   0.150419   0.110563   0.070371   0.029763   -0.011347   -0.053045   -0.095421   -0.138558   -0.182407   -0.226478   -0.269919   -0.311615   -0.350212   -0.384468   -0.413601   -0.437309   -0.456131   -0.470630   -0.481492   -0.488654   -0.491864   -0.491556   -0.488022   -0.482050   -0.474429   -0.465704   -0.456547   -0.447166   -0.437674   -0.428352   -0.419313   -0.410660   -0.402279   
0.725826   0.707707   0.685998   0.660977   0.633145   0.602963   0.570789   0.536889   0.501436   0.464596   0.426565   0.387535   0.347687   0.307183   0.266160   0.224740   0.182986   0.140917   0.098514   0.055715   0.012435   -0.031418   -0.075934   -0.121205   -0.167306   -0.214041   -0.260742   -0.306405   -0.349732   -0.389190   -0.423541   -0.452170   -0.475347   -0.493572   -0.507760   -0.518015   -0.524020   -0.526097   -0.524280   -0.519271   -0.512021   -0.503182   -0.493670   -0.483777   -0.473648   -0.463555   -0.453644   -0.444093   -0.434933   -0.426006   
0.751720   0.732256   0.709371   0.682809   0.653231   0.621156   0.586964   0.550922   0.513220   0.474055   0.433646   0.392199   0.349910   0.306941   0.263441   0.219523   0.175236   0.130590   0.085559   0.040067   -0.005976   -0.052665   -0.100094   -0.148359   -0.197497   -0.247127   -0.296418   -0.344197   -0.388934   -0.428932   -0.463106   -0.491329   -0.514056   -0.532140   -0.545885   -0.555178   -0.560204   -0.560848   -0.557500   -0.551071   -0.542452   -0.532729   -0.522415   -0.511730   -0.500930   -0.490168   -0.479676   -0.469582   -0.459897   -0.450434   
0.776902   0.755772   0.731907   0.704050   0.672870   0.638978   0.602795   0.564611   0.524643   0.483128   0.440309   0.396409   0.351633   0.306152   0.260122   0.213640   0.166749   0.119452   0.071709   0.023438   -0.025458   -0.075076   -0.125515   -0.176873   -0.229098   -0.281624   -0.333450   -0.383191   -0.429030   -0.469255   -0.503175   -0.531196   -0.553983   -0.571725   -0.584732   -0.593237   -0.597002   -0.596155   -0.591253   -0.583308   -0.573659   -0.563063   -0.551910   -0.540494   -0.528949   -0.517525   -0.506426   -0.495785   -0.485581   -0.475533   
0.801575   0.778548   0.753568   0.724700   0.692072   0.656438   0.618293   0.577965   0.535718   0.491833   0.446574   0.400181   0.352873   0.304833   0.256215   0.207104   0.157536   0.107511   0.056974   0.005836   -0.046003   -0.098643   -0.152187   -0.206729   -0.262078   -0.317487   -0.371757   -0.423227   -0.469809   -0.510011   -0.544037   -0.572384   -0.594888   -0.612127   -0.624536   -0.632000   -0.634457   -0.631995   -0.625429   -0.616282   -0.605661   -0.594167   -0.582232   -0.570004   -0.557715   -0.545609   -0.533898   -0.522741   -0.511954   -0.501297   
0.826005   0.800765   0.774353   0.744732   0.710827   0.673538   0.633465   0.590997   0.546464   0.500186   0.452454   0.403532   0.353648   0.302998   0.251732   0.199925   0.147609   0.094776   0.041362   -0.012730   -0.067601   -0.123356   -0.180102   -0.237905   -0.296407   -0.354659   -0.411223   -0.464084   -0.511049   -0.551670   -0.586240   -0.614504   -0.636736   -0.653499   -0.665136   -0.671548   -0.672466   -0.668275   -0.660268   -0.650060   -0.638447   -0.626115   -0.613316   -0.600269   -0.587217   -0.574416   -0.562138   -0.550419   -0.539014   -0.527738   
0.850347   0.822652   0.794444   0.764096   0.729122   0.690276   0.648315   0.603720   0.556894   0.508202   0.457966   0.406475   0.353971   0.300662   0.246685   0.192113   0.136976   0.081257   0.024880   -0.032252   -0.090245   -0.149207   -0.209250   -0.270383   -0.332044   -0.393058   -0.451668   -0.505548   -0.553134   -0.594466   -0.629416   -0.657714   -0.679497   -0.695756   -0.706639   -0.711702   -0.710985   -0.705113   -0.695930   -0.684619   -0.672097   -0.658845   -0.645164   -0.631284   -0.617443   -0.603996   -0.591124   -0.578808   -0.566779   -0.554839   
0.874674   0.844414   0.814010   0.782718   0.746932   0.706649   0.662851   0.616146   0.567020   0.515893   0.463124   0.409026   0.353858   0.297834   0.241083   0.183677   0.125645   0.066959   0.007538   -0.052721   -0.113925   -0.176188   -0.239624   -0.304137   -0.368933   -0.432558   -0.492869   -0.547568   -0.596102   -0.638466   -0.673828   -0.701721   -0.723243   -0.739005   -0.748820   -0.752492   -0.749960   -0.742778   -0.732364   -0.720054   -0.706546   -0.692352   -0.677781   -0.663027   -0.648445   -0.634336   -0.620846   -0.607921   -0.595231   -0.582591   
0.899022   0.866137   0.833302   0.800564   0.764225   0.722650   0.677077   0.628281   0.576854   0.523274   0.467942   0.411198   0.353321   0.294524   0.234935   0.174627   0.113623   0.051891   -0.010659   -0.074131   -0.138635   -0.204292   -0.271211   -0.339132   -0.406988   -0.472961   -0.534544   -0.590467   -0.640589   -0.683740   -0.718993   -0.746816   -0.768023   -0.783032   -0.791763   -0.793697   -0.789759   -0.781190   -0.769699   -0.756306   -0.741784   -0.726650   -0.711141   -0.695544   -0.680219   -0.665424   -0.651325   -0.637745   -0.624360   -0.610992   
0.923419   0.887853   0.852504   0.817747   0.780961   0.738268   0.690994   0.640135   0.586407   0.530357   0.472433   0.413004   0.352370   0.290742   0.228250   0.164968   0.100918   0.036059   -0.029703   -0.096473   -0.164369   -0.233516   -0.303993   -0.375312   -0.446075   -0.514034   -0.577137   -0.634906   -0.686284   -0.729914   -0.765318   -0.792925   -0.813711   -0.827900   -0.835175   -0.835723   -0.830261   -0.820521   -0.807865   -0.793358   -0.777830   -0.761714   -0.745272   -0.728846   -0.712749   -0.697285   -0.682548   -0.668270   -0.654162   -0.640042   
0.947925   0.909616   0.871672   0.834565   0.797083   0.753487   0.704601   0.651715   0.595689   0.537153   0.476608   0.414456   0.351015   0.286496   0.221034   0.154707   0.087535   0.019469   -0.049587   -0.119743   -0.191122   -0.263853   -0.337939   -0.412594   -0.485989   -0.555590   -0.620694   -0.680550   -0.733184   -0.777184   -0.812610   -0.840069   -0.860220   -0.873408   -0.879393   -0.878418   -0.871692   -0.860702   -0.846842   -0.831229   -0.814670   -0.797551   -0.780204   -0.762912   -0.746059   -0.729912   -0.714501   -0.699493   -0.684634   -0.669747   
0.972536   0.931460   0.890860   0.851278   0.812509   0.768284   0.717897   0.663027   0.604710   0.543673   0.480479   0.415565   0.349263   0.281793   0.213295   0.143852   0.073482   0.002129   -0.070305   -0.143936   -0.218891   -0.295293   -0.373000   -0.450840   -0.526437   -0.598034   -0.665863   -0.727590   -0.780969   -0.825492   -0.861020   -0.888029   -0.907581   -0.919647   -0.924319   -0.922008   -0.913999   -0.901715   -0.886636   -0.869920   -0.852293   -0.834207   -0.815913   -0.797763   -0.780150   -0.763296   -0.747175   -0.731410   -0.715780   -0.700114   
0.997283   0.953399   0.910094   0.867945   0.827228   0.782630   0.730878   0.674077   0.613479   0.549929   0.484056   0.416338   0.347122   0.276638   0.205038   0.132407   0.058763   -0.015957   -0.091854   -0.169047   -0.247670   -0.327812   -0.409097   -0.489843   -0.567488   -0.641998   -0.712382   -0.775566   -0.829998   -0.874960   -0.910324   -0.936951   -0.955587   -0.966730   -0.970067   -0.966500   -0.957158   -0.943554   -0.927266   -0.909408   -0.890746   -0.871658   -0.852410   -0.833407   -0.815014   -0.797432   -0.780565   -0.764023   -0.747600   -0.731155   
1.022195   0.975479   0.929398   0.884612   0.841546   0.796486   0.743537   0.684867   0.622003   0.555928   0.487348   0.416783   0.344598   0.271039   0.196269   0.120379   0.043384   -0.034783   -0.114228   -0.195074   -0.277450   -0.361368   -0.446102   -0.529224   -0.609308   -0.687340   -0.760190   -0.824793   -0.880135   -0.925449   -0.960527   -0.986552   -1.004595   -1.014555   -1.016734   -1.011875   -1.001159   -0.986240   -0.968711   -0.949730   -0.930022   -0.909905   -0.889713   -0.869838   -0.850646   -0.832314   -0.814668   -0.797330   -0.780103   -0.762883   
1.047275   0.997701   0.948814   0.901294   0.855721   0.809798   0.755865   0.695401   0.630290   0.561680   0.490363   0.416906   0.341696   0.265000   0.186994   0.107773   0.027351   -0.054346   -0.137424   -0.222012   -0.308213   -0.395896   -0.483812   -0.569285   -0.652918   -0.734143   -0.808918   -0.875136   -0.931448   -0.976774   -1.011619   -1.037143   -1.054347   -1.063311   -1.064308   -1.058120   -1.046011   -1.029766   -1.010987   -0.990904   -0.970108   -0.948971   -0.927813   -0.907051   -0.887044   -0.867938   -0.849486   -0.831336   -0.813299   -0.795311   
1.072538   1.020065   0.968333   0.918036   0.869835   0.822535   0.767845   0.705678   0.638345   0.567191   0.493108   0.416712   0.338423   0.258528   0.177217   0.094594   0.010666   -0.074641   -0.161439   -0.249856   -0.339927   -0.431289   -0.521784   -0.610043   -0.697878   -0.782072   -0.859013   -0.926757   -0.983725   -1.029108   -1.063469   -1.088626   -1.105038   -1.112963   -1.112792   -1.105230   -1.091728   -1.074120   -1.054136   -1.032906   -1.011029   -0.988850   -0.966707   -0.945045   -0.924207   -0.904302   -0.885020   -0.866045   -0.847199   -0.828445   
1.098005   1.042594   0.987964   0.934835   0.883931   0.834799   0.779456   0.715698   0.646173   0.572468   0.495588   0.416207   0.334783   0.251627   0.166944   0.080845   -0.006666   -0.095667   -0.186273   -0.278590   -0.372544   -0.467364   -0.560375   -0.652572   -0.744286   -0.831138   -0.910278   -0.979492   -1.036896   -1.082169   -1.116427   -1.140997   -1.156631   -1.163540   -1.162175   -1.153226   -1.138287   -1.119348   -1.098138   -1.075753   -1.052783   -1.029539   -1.006397   -0.983818   -0.962130   -0.941404   -0.921274   -0.901465   -0.881812   -0.862292   
1.123688   1.065301   1.007731   0.951705   0.898042   0.846714   0.790669   0.725458   0.653778   0.577516   0.497807   0.415396   0.330781   0.244302   0.156180   0.066532   -0.024642   -0.117420   -0.211918   -0.308190   -0.405983   -0.503683   -0.599530   -0.696534   -0.791693   -0.881482   -0.962834   -1.033153   -1.091070   -1.136269   -1.170227   -1.194329   -1.209129   -1.215063   -1.212462   -1.202099   -1.185712   -1.165455   -1.142994   -1.119456   -1.095365   -1.071036   -1.046881   -1.023370   -1.000814   -0.979245   -0.958253   -0.937606   -0.917147   -0.896854   
1.149603   1.088196   1.027645   0.968674   0.912173   0.858420   0.801448   0.734950   0.661162   0.582338   0.499771   0.414284   0.326422   0.236557   0.144927   0.051656   -0.043259   -0.139898   -0.238366   -0.338618   -0.440105   -0.540383   -0.640414   -0.741884   -0.840441   -0.933132   -1.016485   -1.087822   -1.145977   -1.191346   -1.225063   -1.248565   -1.262563   -1.267529   -1.263665   -1.251838   -1.234040   -1.212424   -1.188723   -1.164009   -1.138772   -1.113343   -1.088160   -1.063700   -1.040259   -1.017823   -0.995962   -0.974476   -0.953209   -0.932135   
1.175755   1.111284   1.047714   0.985759   0.926358   0.870054   0.811806   0.744166   0.668325   0.586938   0.501483   0.412873   0.321710   0.228397   0.133190   0.036221   -0.062515   -0.163100   -0.265598   -0.369819   -0.474598   -0.577408   -0.682748   -0.788157   -0.890398   -0.986023   -1.071048   -1.143414   -1.202076   -1.247380   -1.280839   -1.303715   -1.316959   -1.320950   -1.315763   -1.302489   -1.283251   -1.260276   -1.235322   -1.209407   -1.183006   -1.156458   -1.130232   -1.104806   -1.080465   -1.057141   -1.034409   -1.012083   -0.990000   -0.968135   
1.202144   1.134566   1.067937   1.002963   0.940621   0.881656   0.821843   0.753092   0.675267   0.591319   0.502947   0.411170   0.316649   0.219824   0.120971   0.020228   -0.082409   -0.187018   -0.293589   -0.401701   -0.509060   -0.616154   -0.726423   -0.835847   -0.941740   -1.040000   -1.126698   -1.199894   -1.259071   -1.304460   -1.337527   -1.359803   -1.372335   -1.375323   -1.368771   -1.354056   -1.333352   -1.309015   -1.282787   -1.255652   -1.228067   -1.200384   -1.173097   -1.146689   -1.121433   -1.097205   -1.073601   -1.050431   -1.027523   -1.004854   
1.228770   1.158045   1.088314   1.020285   0.954972   0.893266   0.831623   0.761709   0.681987   0.595483   0.504166   0.409177   0.311243   0.210842   0.108274   0.003681   -0.102939   -0.211643   -0.322300   -0.434080   -0.543672   -0.656263   -0.770977   -0.884712   -0.994299   -1.094883   -1.183194   -1.257572   -1.317153   -1.362494   -1.395131   -1.416849   -1.428715   -1.430626   -1.422729   -1.406525   -1.384360   -1.358636   -1.331117   -1.302744   -1.273955   -1.245121   -1.216756   -1.189350   -1.163165   -1.138021   -1.113544   -1.089525   -1.065781   -1.042285   
1.255631   1.181723   1.108847   1.037725   0.969408   0.904913   0.841211   0.769992   0.688480   0.599431   0.505143   0.406897   0.305494   0.201454   0.095099   -0.013418   -0.124101   -0.236955   -0.351676   -0.466266   -0.579828   -0.697686   -0.816931   -0.934982   -1.047943   -1.150891   -1.240746   -1.316183   -1.376256   -1.421457   -1.453669   -1.474886   -1.486082   -1.486895   -1.477619   -1.459916   -1.436269   -1.409139   -1.380314   -1.350684   -1.320671   -1.290666   -1.261208   -1.232790   -1.205663   -1.179596   -1.154246   -1.129366   -1.104772   -1.080421   
1.282725   1.205601   1.129536   1.055284   0.983931   0.916603   0.850672   0.777921   0.694742   0.603165   0.505882   0.404334   0.299405   0.191662   0.081450   -0.031070   -0.145890   -0.262930   -0.381620   -0.498864   -0.617083   -0.740016   -0.864030   -0.986453   -1.102488   -1.207705   -1.299448   -1.375944   -1.436333   -1.481343   -1.513153   -1.533951   -1.544427   -1.544146   -1.533445   -1.514232   -1.489074   -1.460524   -1.430380   -1.399473   -1.368216   -1.337022   -1.306453   -1.277011   -1.248930   -1.221938   -1.195709   -1.169956   -1.144495   -1.119253   


# Torque coefficient

0.001780   0.002298   0.002817   0.003336   0.003855   0.004374   0.004893   0.005411   0.005929   0.006446   0.006963   0.007480   0.007997   0.008514   0.009030   0.009546   0.010062   0.010579   0.011095   0.011612   0.012129   0.012647   0.013165   0.013684   0.014204   0.014726   0.015249   0.015776   0.016307   0.016843   0.017386   0.017936   0.018492   0.019054   0.019624   0.020202   0.020793   0.021399   0.022022   0.022662   0.023312   0.023963   0.024594   0.025184   0.025703   0.026121   0.026411   0.026554   0.026535   0.026341   
0.003176   0.003784   0.004392   0.005000   0.005608   0.006217   0.006825   0.007434   0.008042   0.008651   0.009260   0.009869   0.010479   0.011088   0.011699   0.012309   0.012920   0.013532   0.014145   0.014759   0.015375   0.015993   0.016616   0.017245   0.017881   0.018522   0.019166   0.019812   0.020461   0.021118   0.021786   0.022470   0.023173   0.023890   0.024613   0.025324   0.026001   0.026614   0.027134   0.027529   0.027775   0.027854   0.027755   0.027479   0.027035   0.026438   0.025697   0.024825   0.023838   0.022752   
0.004917   0.005630   0.006344   0.007059   0.007774   0.008489   0.009204   0.009920   0.010636   0.011353   0.012070   0.012787   0.013505   0.014224   0.014944   0.015665   0.016389   0.017118   0.017853   0.018595   0.019340   0.020082   0.020820   0.021557   0.022302   0.023060   0.023837   0.024634   0.025443   0.026249   0.027030   0.027753   0.028386   0.028894   0.029247   0.029421   0.029406   0.029201   0.028815   0.028259   0.027551   0.026705   0.025738   0.024663   0.023487   0.022222   0.020883   0.019479   0.018017   0.016506   
0.007005   0.007841   0.008676   0.009512   0.010348   0.011185   0.012022   0.012859   0.013696   0.014534   0.015373   0.016213   0.017056   0.017904   0.018761   0.019624   0.020483   0.021330   0.022165   0.023000   0.023844   0.024708   0.025593   0.026498   0.027408   0.028300   0.029139   0.029888   0.030507   0.030963   0.031225   0.031279   0.031121   0.030760   0.030213   0.029500   0.028638   0.027643   0.026532   0.025318   0.024010   0.022618   0.021153   0.019626   0.018045   0.016416   0.014744   0.013031   0.011278   0.009486   
0.009431   0.010401   0.011371   0.012341   0.013312   0.014282   0.015252   0.016223   0.017196   0.018172   0.019157   0.020152   0.021144   0.022116   0.023064   0.024002   0.024947   0.025910   0.026898   0.027909   0.028930   0.029933   0.030879   0.031725   0.032427   0.032945   0.033249   0.033322   0.033158   0.032769   0.032176   0.031402   0.030469   0.029398   0.028203   0.026899   0.025498   0.024012   0.022450   0.020820   0.019134   0.017400   0.015621   0.013798   0.011934   0.010027   0.008077   0.006081   0.004037   0.001947   
0.012175   0.013291   0.014407   0.015523   0.016638   0.017755   0.018875   0.020005   0.021147   0.022281   0.023381   0.024444   0.025494   0.026552   0.027633   0.028741   0.029874   0.031011   0.032116   0.033139   0.034029   0.034739   0.035229   0.035473   0.035457   0.035182   0.034668   0.033940   0.033027   0.031952   0.030737   0.029399   0.027949   0.026403   0.024773   0.023067   0.021295   0.019468   0.017594   0.015676   0.013713   0.011706   0.009655   0.007556   0.005408   0.003206   0.000950   -0.001345   -0.003653   -0.005931   
0.015214   0.016488   0.017760   0.019034   0.020316   0.021614   0.022914   0.024174   0.025377   0.026549   0.027721   0.028914   0.030136   0.031388   0.032652   0.033887   0.035037   0.036042   0.036848   0.037413   0.037709   0.037719   0.037446   0.036909   0.036137   0.035163   0.034013   0.032712   0.031278   0.029726   0.028070   0.026325   0.024499   0.022605   0.020652   0.018649   0.016601   0.014509   0.012373   0.010189   0.007956   0.005671   0.003329   0.000925   -0.001534   -0.004024   -0.006502   -0.008910   -0.011185   -0.013290   
0.018529   0.019972   0.021427   0.022901   0.024363   0.025759   0.027082   0.028377   0.029680   0.031008   0.032369   0.033760   0.035147   0.036473   0.037669   0.038667   0.039415   0.039879   0.040038   0.039889   0.039442   0.038725   0.037774   0.036621   0.035295   0.033820   0.032210   0.030484   0.028657   0.026741   0.024746   0.022684   0.020567   0.018400   0.016189   0.013934   0.011633   0.009281   0.006876   0.004414   0.001887   -0.000709   -0.003364   -0.006048   -0.008709   -0.011273   -0.013674   -0.015879   -0.017879   -0.019675   
0.022119   0.023777   0.025420   0.026978   0.028443   0.029870   0.031303   0.032763   0.034260   0.035788   0.037305   0.038740   0.040012   0.041045   0.041791   0.042221   0.042322   0.042094   0.041552   0.040731   0.039665   0.038391   0.036939   0.035330   0.033584   0.031718   0.029747   0.027685   0.025541   0.023329   0.021060   0.018741   0.016377   0.013969   0.011514   0.009005   0.006440   0.003812   0.001115   -0.001660   -0.004505   -0.007389   -0.010256   -0.013021   -0.015608   -0.017977   -0.020120   -0.022038   -0.023744   -0.025255   
0.026004   0.027766   0.029403   0.030973   0.032537   0.034125   0.035752   0.037417   0.039077   0.040652   0.042047   0.043178   0.043991   0.044462   0.044584   0.044360   0.043805   0.042949   0.041831   0.040489   0.038955   0.037255   0.035409   0.033435   0.031348   0.029163   0.026891   0.024545   0.022138   0.019678   0.017172   0.014621   0.012022   0.009369   0.006657   0.003879   0.001028   -0.001908   -0.004929   -0.008011   -0.011101   -0.014114   -0.016950   -0.019554   -0.021910   -0.024017   -0.025887   -0.027533   -0.028968   -0.030208   
0.029895   0.031636   0.033337   0.035051   0.036802   0.038599   0.040412   0.042156   0.043726   0.045022   0.045978   0.046568   0.046789   0.046650   0.046161   0.045345   0.044240   0.042886   0.041320   0.039572   0.037665   0.035616   0.033444   0.031162   0.028784   0.026325   0.023796   0.021207   0.018569   0.015886   0.013155   0.010370   0.007525   0.004613   0.001624   -0.001452   -0.004626   -0.007887   -0.011196   -0.014478   -0.017621   -0.020531   -0.023175   -0.025545   -0.027649   -0.029502   -0.031109   -0.032483   -0.033650   -0.034662   
0.033660   0.035504   0.037374   0.039294   0.041255   0.043186   0.044971   0.046497   0.047675   0.048462   0.048860   0.048880   0.048536   0.047841   0.046822   0.045520   0.043977   0.042229   0.040304   0.038220   0.035997   0.033650   0.031194   0.028644   0.026014   0.023314   0.020557   0.017753   0.014901   0.011996   0.009032   0.006000   0.002891   -0.000306   -0.003604   -0.007011   -0.010508   -0.014041   -0.017513   -0.020794   -0.023803   -0.026516   -0.028934   -0.031068   -0.032929   -0.034518   -0.035848   -0.036968   -0.037943   -0.038845   
0.037443   0.039475   0.041565   0.043674   0.045694   0.047495   0.048967   0.050035   0.050686   0.050938   0.050810   0.050315   0.049467   0.048295   0.046842   0.045150   0.043256   0.041182   0.038950   0.036576   0.034075   0.031465   0.028760   0.025972   0.023115   0.020202   0.017240   0.014227   0.011155   0.008018   0.004805   0.001505   -0.001896   -0.005411   -0.009044   -0.012772   -0.016531   -0.020204   -0.023649   -0.026788   -0.029606   -0.032106   -0.034303   -0.036201   -0.037793   -0.039104   -0.040199   -0.041156   -0.042058   -0.042974   
0.041323   0.043579   0.045819   0.047911   0.049723   0.051150   0.052136   0.052692   0.052848   0.052622   0.052027   0.051074   0.049794   0.048230   0.046426   0.044415   0.042223   0.039867   0.037362   0.034729   0.031984   0.029138   0.026208   0.023207   0.020148   0.017037   0.013869   0.010639   0.007336   0.003948   0.000463   -0.003134   -0.006856   -0.010707   -0.014664   -0.018656   -0.022549   -0.026190   -0.029497   -0.032457   -0.035076   -0.037368   -0.039334   -0.040960   -0.042277   -0.043367   -0.044319   -0.045223   -0.046164   -0.047119   
0.045303   0.047661   0.049820   0.051649   0.053053   0.053995   0.054502   0.054608   0.054331   0.053682   0.052672   0.051326   0.049690   0.047806   0.045711   0.043427   0.040969   0.038359   0.035614   0.032750   0.029781   0.026724   0.023591   0.020395   0.017143   0.013830   0.010449   0.006988   0.003433   -0.000229   -0.004011   -0.007929   -0.011989   -0.016170   -0.020399   -0.024537   -0.028410   -0.031925   -0.035068   -0.037844   -0.040267   -0.042336   -0.044030   -0.045382   -0.046486   -0.047438   -0.048349   -0.049306   -0.050346   -0.051321   
0.049177   0.051404   0.053266   0.054678   0.055617   0.056118   0.056216   0.055933   0.055276   0.054253   0.052884   0.051213   0.049284   0.047133   0.044782   0.042251   0.039559   0.036723   0.033759   0.030685   0.027515   0.024263   0.020942   0.017558   0.014108   0.010584   0.006974   0.003262   -0.000566   -0.004523   -0.008625   -0.012881   -0.017277   -0.021747   -0.026148   -0.030292   -0.034058   -0.037426   -0.040401   -0.042993   -0.045204   -0.047008   -0.048426   -0.049560   -0.050525   -0.051432   -0.052423   -0.053527   -0.054598   -0.055658   
0.052647   0.054561   0.056013   0.056988   0.057523   0.057655   0.057408   0.056787   0.055795   0.054446   0.052779   0.050838   0.048662   0.046275   0.043698   0.040948   0.038043   0.035001   0.031840   0.028573   0.025215   0.021780   0.018275   0.014698   0.011041   0.007290   0.003432   -0.000550   -0.004669   -0.008941   -0.013379   -0.017976   -0.022682   -0.027360   -0.031808   -0.035871   -0.039508   -0.042726   -0.045530   -0.047925   -0.049881   -0.051404   -0.052591   -0.053583   -0.054491   -0.055511   -0.056647   -0.057863   -0.059037   -0.060162   
0.055508   0.057032   0.058080   0.058687   0.058894   0.058723   0.058180   0.057264   0.055978   0.054356   0.052441   0.050272   0.047880   0.045286   0.042505   0.039556   0.036460   0.033231   0.029885   0.026437   0.022901   0.019285   0.015592   0.011812   0.007933   0.003939   -0.000184   -0.004451   -0.008879   -0.013483   -0.018265   -0.023191   -0.028147   -0.032926   -0.037329   -0.041284   -0.044790   -0.047852   -0.050473   -0.052630   -0.054303   -0.055579   -0.056607   -0.057546   -0.058557   -0.059736   -0.061070   -0.062370   -0.063611   -0.064861   
0.057695   0.058850   0.059568   0.059888   0.059833   0.059410   0.058613   0.057437   0.055904   0.054054   0.051930   0.049567   0.046986   0.044204   0.041240   0.038112   0.034837   0.031433   0.027913   0.024292   0.020579   0.016780   0.012889   0.008892   0.004776   0.000525   -0.003876   -0.008445   -0.013199   -0.018146   -0.023270   -0.028489   -0.033608   -0.038391   -0.042712   -0.046556   -0.049925   -0.052818   -0.055221   -0.057100   -0.058512   -0.059603   -0.060593   -0.061582   -0.062788   -0.064195   -0.065637   -0.067016   -0.068382   -0.069743   
0.059242   0.060108   0.060580   0.060681   0.060420   0.059785   0.058766   0.057370   0.055631   0.053594   0.051296   0.048763   0.046012   0.043063   0.039931   0.036636   0.033196   0.029624   0.025935   0.022142   0.018251   0.014260   0.010159   0.005933   0.001568   -0.002954   -0.007649   -0.012535   -0.017627   -0.022923   -0.028373   -0.033819   -0.039010   -0.043746   -0.047978   -0.051706   -0.054922   -0.057617   -0.059758   -0.061365   -0.062572   -0.063619   -0.064619   -0.065809   -0.067245   -0.068808   -0.070348   -0.071835   -0.073322   -0.074868   
0.060231   0.060898   0.061198   0.061140   0.060713   0.059899   0.058693   0.057116   0.055212   0.053021   0.050574   0.047890   0.044988   0.041884   0.038597   0.035146   0.031546   0.027810   0.023955   0.019988   0.015911   0.011719   0.007398   0.002932   -0.001695   -0.006500   -0.011503   -0.016720   -0.022160   -0.027802   -0.033539   -0.039137   -0.044332   -0.049005   -0.053144   -0.056740   -0.059775   -0.062230   -0.064101   -0.065491   -0.066617   -0.067666   -0.068818   -0.070234   -0.071875   -0.073577   -0.075203   -0.076829   -0.078508   -0.080210   
0.060744   0.061294   0.061488   0.061317   0.060759   0.059797   0.058440   0.056722   0.054686   0.052367   0.049789   0.046971   0.043930   0.040684   0.037252   0.033649   0.029893   0.025996   0.021973   0.017827   0.013559   0.009156   0.004605   -0.000113   -0.005014   -0.010116   -0.015440   -0.021000   -0.026794   -0.032767   -0.038735   -0.044410   -0.049578   -0.054183   -0.058214   -0.061646   -0.064466   -0.066666   -0.068319   -0.069580   -0.070708   -0.071842   -0.073196   -0.074842   -0.076674   -0.078466   -0.080242   -0.082054   -0.083906   -0.085797   
0.060848   0.061356   0.061498   0.061252   0.060594   0.059519   0.058049   0.056224   0.054082   0.051655   0.048963   0.046023   0.042854   0.039475   0.035901   0.032152   0.028240   0.024182   0.019988   0.015659   0.011191   0.006568   0.001775   -0.003205   -0.008391   -0.013803   -0.019460   -0.025372   -0.031520   -0.037793   -0.043929   -0.049631   -0.054759   -0.059283   -0.063175   -0.066411   -0.068998   -0.070999   -0.072483   -0.073726   -0.074886   -0.076168   -0.077749   -0.079630   -0.081591   -0.083540   -0.085492   -0.087488   -0.089555   -0.091594   
0.060594   0.061127   0.061262   0.060976   0.060254   0.059102   0.057553   0.055648   0.053422   0.050903   0.048109   0.045059   0.041770   0.038261   0.034551   0.030655   0.026590   0.022369   0.018000   0.013482   0.008804   0.003952   -0.001092   -0.006345   -0.011829   -0.017562   -0.023564   -0.029835   -0.036328   -0.042855   -0.049101   -0.054804   -0.059878   -0.064293   -0.068011   -0.071037   -0.073452   -0.075266   -0.076695   -0.077933   -0.079177   -0.080653   -0.082478   -0.084552   -0.086691   -0.088802   -0.090945   -0.093170   -0.095410   -0.097606   
0.060019   0.060637   0.060810   0.060522   0.059771   0.058576   0.056977   0.055014   0.052722   0.050124   0.047239   0.044086   0.040682   0.037048   0.033202   0.029161   0.024942   0.020556   0.016008   0.011292   0.006397   0.001307   -0.003998   -0.009536   -0.015327   -0.021394   -0.027750   -0.034384   -0.041201   -0.047935   -0.054245   -0.059929   -0.064925   -0.069195   -0.072720   -0.075603   -0.077846   -0.079567   -0.080953   -0.082217   -0.083602   -0.085294   -0.087362   -0.089658   -0.091958   -0.094262   -0.096634   -0.099058   -0.101479   -0.103860   
0.059146   0.059910   0.060166   0.059916   0.059169   0.057962   0.056338   0.054337   0.051993   0.049328   0.046359   0.043108   0.039594   0.035837   0.031857   0.027671   0.023297   0.018743   0.014009   0.009089   0.003968   -0.001370   -0.006945   -0.012777   -0.018888   -0.025300   -0.032019   -0.039014   -0.046124   -0.053016   -0.059357   -0.064997   -0.069883   -0.073984   -0.077385   -0.080122   -0.082260   -0.083902   -0.085261   -0.086612   -0.088153   -0.090093   -0.092435   -0.094923   -0.097418   -0.099941   -0.102528   -0.105167   -0.107758   -0.110388   
0.057985   0.058964   0.059352   0.059176   0.058469   0.057277   0.055650   0.053628   0.051245   0.048519   0.045473   0.042129   0.038507   0.034630   0.030517   0.026187   0.021655   0.016927   0.012001   0.006870   0.001516   -0.004079   -0.009934   -0.016071   -0.022513   -0.029280   -0.036369   -0.043715   -0.051082   -0.058087   -0.064428   -0.069992   -0.074742   -0.078732   -0.082015   -0.084664   -0.086701   -0.088262   -0.089658   -0.091100   -0.092848   -0.095078   -0.097667   -0.100375   -0.103078   -0.105819   -0.108645   -0.111483   -0.114254   -0.117223   
0.056570   0.057808   0.058380   0.058319   0.057684   0.056534   0.054924   0.052896   0.050481   0.047703   0.044585   0.041151   0.037425   0.033429   0.029183   0.024708   0.020015   0.015108   0.009984   0.004633   -0.000962   -0.006822   -0.012967   -0.019420   -0.026204   -0.033334   -0.040796   -0.048478   -0.056062   -0.063134   -0.069441   -0.074905   -0.079562   -0.083452   -0.086675   -0.089232   -0.091147   -0.092694   -0.094125   -0.095705   -0.097711   -0.100227   -0.103091   -0.106014   -0.108928   -0.111914   -0.114969   -0.118000   -0.120978   -0.124369   
0.054979   0.056445   0.057259   0.057357   0.056826   0.055742   0.054166   0.052143   0.049705   0.046881   0.043697   0.040178   0.036349   0.032235   0.027856   0.023233   0.018374   0.013283   0.007956   0.002379   -0.003467   -0.009601   -0.016045   -0.022824   -0.029960   -0.037462   -0.045299   -0.053290   -0.061044   -0.068141   -0.074386   -0.079776   -0.084356   -0.088214   -0.091367   -0.093794   -0.095647   -0.097178   -0.098683   -0.100447   -0.102726   -0.105575   -0.108696   -0.111830   -0.114982   -0.118214   -0.121496   -0.124716   -0.127962   -0.131814   
0.053259   0.054902   0.055995   0.056297   0.055903   0.054908   0.053380   0.051373   0.048921   0.046058   0.042811   0.039209   0.035280   0.031047   0.026535   0.021761   0.016733   0.011453   0.005915   0.000104   -0.006000   -0.012417   -0.019170   -0.026285   -0.033782   -0.041664   -0.049869   -0.058138   -0.066010   -0.073093   -0.079279   -0.084627   -0.089203   -0.093010   -0.096056   -0.098398   -0.100186   -0.101734   -0.103342   -0.105319   -0.107939   -0.111110   -0.114475   -0.117837   -0.121233   -0.124717   -0.128220   -0.131638   -0.135236   -0.139549   
0.051446   0.053234   0.054585   0.055143   0.054918   0.054033   0.052570   0.050589   0.048132   0.045234   0.041929   0.038247   0.034218   0.029867   0.025220   0.020291   0.015089   0.009615   0.003860   -0.002193   -0.008562   -0.015271   -0.022343   -0.029804   -0.037672   -0.045939   -0.054498   -0.063001   -0.070937   -0.077984   -0.084164   -0.089545   -0.094079   -0.097814   -0.100784   -0.103027   -0.104781   -0.106364   -0.108098   -0.110365   -0.113344   -0.116822   -0.120435   -0.124028   -0.127680   -0.131417   -0.135138   -0.138779   -0.142801   -0.147574   
0.049597   0.051472   0.053037   0.053895   0.053874   0.053121   0.051738   0.049794   0.047338   0.044413   0.041053   0.037292   0.033163   0.028695   0.023910   0.018823   0.013443   0.007769   0.001789   -0.004512   -0.011156   -0.018165   -0.025565   -0.033382   -0.041629   -0.050283   -0.059171   -0.067854   -0.075808   -0.082881   -0.089119   -0.094484   -0.098980   -0.102654   -0.105533   -0.107705   -0.109430   -0.111064   -0.112992   -0.115595   -0.118934   -0.122716   -0.126565   -0.130404   -0.134321   -0.138310   -0.142254   -0.146153   -0.150645   -0.155894   
0.047737   0.049662   0.051383   0.052550   0.052770   0.052173   0.050885   0.048989   0.046543   0.043594   0.040182   0.036345   0.032117   0.027529   0.022603   0.017355   0.011792   0.005912   -0.000298   -0.006855   -0.013781   -0.021099   -0.028837   -0.037019   -0.045653   -0.054687   -0.063867   -0.072674   -0.080679   -0.087821   -0.094099   -0.099465   -0.103908   -0.107522   -0.110326   -0.112417   -0.114131   -0.115859   -0.118048   -0.121004   -0.124711   -0.128778   -0.132867   -0.136964   -0.141154   -0.145402   -0.149568   -0.153779   -0.158766   -0.164508   
0.045878   0.047844   0.049653   0.051102   0.051607   0.051191   0.050015   0.048178   0.045748   0.042779   0.039317   0.035404   0.031077   0.026369   0.021300   0.015887   0.010136   0.004044   -0.002403   -0.009224   -0.016440   -0.024076   -0.032161   -0.040718   -0.049740   -0.059138   -0.068561   -0.077464   -0.085560   -0.092813   -0.099139   -0.104459   -0.108876   -0.112437   -0.115142   -0.117173   -0.118890   -0.120786   -0.123264   -0.126602   -0.130661   -0.135003   -0.139342   -0.143707   -0.148182   -0.152687   -0.157082   -0.161675   -0.167162   -0.173412   
0.044021   0.046035   0.047895   0.049550   0.050382   0.050175   0.049127   0.047359   0.044952   0.041968   0.038459   0.034471   0.030045   0.025214   0.019999   0.014417   0.008473   0.002163   -0.004528   -0.011619   -0.019133   -0.027096   -0.035537   -0.044475   -0.053884   -0.063615   -0.073224   -0.082264   -0.090528   -0.097869   -0.104186   -0.109502   -0.113893   -0.117378   -0.119997   -0.121956   -0.123754   -0.125841   -0.128655   -0.132377   -0.136776   -0.141392   -0.145987   -0.150639   -0.155403   -0.160161   -0.164805   -0.169843   -0.175834   -0.182605   
0.042170   0.044233   0.046145   0.047913   0.049094   0.049126   0.048223   0.046534   0.044156   0.041161   0.037607   0.033546   0.029020   0.024064   0.018700   0.012944   0.006802   0.000268   -0.006673   -0.014042   -0.021861   -0.030160   -0.038967   -0.048289   -0.058073   -0.068093   -0.077911   -0.087156   -0.095552   -0.102948   -0.109289   -0.114591   -0.118946   -0.122355   -0.124864   -0.126821   -0.128716   -0.131050   -0.134213   -0.138321   -0.143056   -0.147942   -0.152808   -0.157759   -0.162814   -0.167827   -0.172743   -0.178276   -0.184781   -0.192081   
0.040337   0.042450   0.044410   0.046243   0.047735   0.048042   0.047303   0.045704   0.043362   0.040359   0.036762   0.032627   0.028001   0.022917   0.017401   0.011467   0.005123   -0.001641   -0.008839   -0.016493   -0.024627   -0.033270   -0.042449   -0.052152   -0.062286   -0.072558   -0.082630   -0.092100   -0.100632   -0.108076   -0.114429   -0.119731   -0.124031   -0.127349   -0.129789   -0.131755   -0.133806   -0.136406   -0.139936   -0.144432   -0.149494   -0.154653   -0.159808   -0.165066   -0.170414   -0.175684   -0.180912   -0.186968   -0.194001   -0.201838   
0.038508   0.040685   0.042698   0.044587   0.046297   0.046921   0.046366   0.044868   0.042568   0.039561   0.035923   0.031715   0.026987   0.021774   0.016101   0.009986   0.003433   -0.003566   -0.011027   -0.018973   -0.027430   -0.036426   -0.045980   -0.056053   -0.066495   -0.077054   -0.087448   -0.097121   -0.105735   -0.113248   -0.119628   -0.124900   -0.129151   -0.132376   -0.134765   -0.136791   -0.139019   -0.141909   -0.145821   -0.150706   -0.156088   -0.161531   -0.166985   -0.172559   -0.178204   -0.183735   -0.189323   -0.195916   -0.203492   -0.211873   
0.036693   0.038937   0.041009   0.042952   0.044783   0.045760   0.045411   0.044026   0.041774   0.038768   0.035090   0.030810   0.025978   0.020632   0.014800   0.008499   0.001733   -0.005507   -0.013239   -0.021485   -0.030272   -0.039627   -0.049554   -0.059973   -0.070713   -0.081651   -0.092341   -0.102169   -0.110904   -0.118480   -0.124862   -0.130115   -0.134289   -0.137453   -0.139812   -0.141932   -0.144355   -0.147558   -0.151870   -0.157138   -0.162842   -0.168576   -0.174340   -0.180239   -0.186180   -0.191981   -0.197984   -0.205119   -0.213253   -0.222185   
0.034899   0.037216   0.039344   0.041342   0.043244   0.044554   0.044437   0.043178   0.040982   0.037979   0.034264   0.029910   0.024973   0.019492   0.013497   0.007006   0.000021   -0.007466   -0.015475   -0.024028   -0.033153   -0.042871   -0.053160   -0.063879   -0.074959   -0.086329   -0.097300   -0.107283   -0.116126   -0.123760   -0.130134   -0.135348   -0.139485   -0.142573   -0.144945   -0.147178   -0.149816   -0.153358   -0.158076   -0.163728   -0.169753   -0.175787   -0.181876   -0.188104   -0.194341   -0.200426   -0.206896   -0.214576   -0.223281   -0.232773   
0.033112   0.035515   0.037711   0.039759   0.041720   0.043296   0.043442   0.042323   0.040190   0.037194   0.033442   0.029015   0.023971   0.018353   0.012192   0.005505   -0.001703   -0.009444   -0.017736   -0.026603   -0.036073   -0.046152   -0.056780   -0.067805   -0.079337   -0.091100   -0.102289   -0.112448   -0.121410   -0.129070   -0.135446   -0.140637   -0.144716   -0.147762   -0.150164   -0.152529   -0.155405   -0.159307   -0.164440   -0.170475   -0.176821   -0.183168   -0.189591   -0.196152   -0.202688   -0.209075   -0.216054   -0.224287   -0.233575   -0.243637   
0.031335   0.033828   0.036100   0.038209   0.040219   0.041985   0.042424   0.041460   0.039398   0.036413   0.032626   0.028125   0.022972   0.017213   0.010882   0.003997   -0.003440   -0.011440   -0.020023   -0.029212   -0.039029   -0.049463   -0.060377   -0.071759   -0.083802   -0.095924   -0.107355   -0.117684   -0.126737   -0.134430   -0.140787   -0.145970   -0.150003   -0.153018   -0.155474   -0.157986   -0.161125   -0.165405   -0.170962   -0.177376   -0.184047   -0.190717   -0.197485   -0.204383   -0.211221   -0.217932   -0.225453   -0.234251   -0.244136   -0.254776   
0.029576   0.032163   0.034512   0.036684   0.038745   0.040641   0.041381   0.040590   0.038605   0.035635   0.031814   0.027238   0.021975   0.016073   0.009569   0.002480   -0.005192   -0.013457   -0.022336   -0.031854   -0.042019   -0.052787   -0.063988   -0.075841   -0.088361   -0.100806   -0.112480   -0.122976   -0.132101   -0.139814   -0.146194   -0.151352   -0.155347   -0.158349   -0.160875   -0.163554   -0.166976   -0.171655   -0.177639   -0.184431   -0.191433   -0.198435   -0.205556   -0.212797   -0.219940   -0.227005   -0.235088   -0.244468   -0.254962   -0.266188   
0.027837   0.030523   0.032953   0.035188   0.037302   0.039284   0.040308   0.039709   0.037812   0.034860   0.031006   0.026355   0.020979   0.014931   0.008250   0.000953   -0.006958   -0.015495   -0.024678   -0.034527   -0.045035   -0.056086   -0.067614   -0.080021   -0.092969   -0.105759   -0.117677   -0.128307   -0.137514   -0.145255   -0.151642   -0.156790   -0.160750   -0.163758   -0.166371   -0.169233   -0.172961   -0.178056   -0.184467   -0.191639   -0.198978   -0.206322   -0.213805   -0.221392   -0.228848   -0.236299   -0.244957   -0.254939   -0.266053   -0.277872   
0.026121   0.028912   0.031426   0.033725   0.035887   0.037933   0.039201   0.038818   0.037017   0.034087   0.030202   0.025474   0.019984   0.013788   0.006925   -0.000584   -0.008740   -0.017554   -0.027047   -0.037229   -0.048067   -0.059380   -0.071362   -0.084292   -0.097660   -0.110787   -0.122927   -0.133686   -0.142954   -0.150748   -0.157152   -0.162282   -0.166218   -0.169249   -0.171963   -0.175024   -0.179085   -0.184606   -0.191449   -0.199000   -0.206681   -0.214378   -0.222232   -0.230169   -0.237945   -0.245817   -0.255061   -0.265664   -0.277407   -0.289827   
0.024423   0.027325   0.029932   0.032298   0.034505   0.036603   0.038063   0.037915   0.036219   0.033316   0.029400   0.024596   0.018989   0.012642   0.005594   -0.002132   -0.010538   -0.019636   -0.029443   -0.039956   -0.051088   -0.062666   -0.075208   -0.088608   -0.102421   -0.115883   -0.128216   -0.139108   -0.148464   -0.156293   -0.162716   -0.167830   -0.171755   -0.174824   -0.177651   -0.180932   -0.185345   -0.191305   -0.198580   -0.206512   -0.214542   -0.222604   -0.230837   -0.239127   -0.247229   -0.255563   -0.265402   -0.276643   -0.289024   -0.302052   
0.022740   0.025758   0.028464   0.030906   0.033161   0.035300   0.036911   0.036996   0.035419   0.032547   0.028601   0.023719   0.017994   0.011492   0.004257   -0.003692   -0.012354   -0.021741   -0.031864   -0.042701   -0.054068   -0.066070   -0.079140   -0.093019   -0.107269   -0.121034   -0.133562   -0.144571   -0.154018   -0.161900   -0.168332   -0.173438   -0.177365   -0.180483   -0.183438   -0.186959   -0.191743   -0.198153   -0.205861   -0.214175   -0.222563   -0.231000   -0.239619   -0.248266   -0.256702   -0.265535   -0.275981   -0.287875   -0.300902   -0.314544   
0.021069   0.024209   0.027020   0.029544   0.031854   0.034028   0.035753   0.036061   0.034615   0.031778   0.027803   0.022843   0.016998   0.010339   0.002911   -0.005264   -0.014187   -0.023868   -0.034308   -0.045449   -0.057026   -0.069562   -0.083115   -0.097500   -0.112187   -0.126226   -0.138942   -0.150105   -0.159637   -0.167561   -0.174003   -0.179111   -0.183054   -0.186228   -0.189328   -0.193106   -0.198281   -0.205146   -0.213289   -0.221989   -0.230743   -0.239567   -0.248579   -0.257584   -0.266365   -0.275732   -0.286798   -0.299360   -0.313039   -0.327302   
0.019407   0.022674   0.025595   0.028207   0.030578   0.032791   0.034599   0.035105   0.033806   0.031009   0.027007   0.021967   0.016000   0.009182   0.001558   -0.006849   -0.016038   -0.026017   -0.036771   -0.048144   -0.060086   -0.073133   -0.087182   -0.102072   -0.117163   -0.131477   -0.144380   -0.155686   -0.165313   -0.173276   -0.179731   -0.184852   -0.188819   -0.192061   -0.195321   -0.199375   -0.204958   -0.212283   -0.220864   -0.229954   -0.239083   -0.248305   -0.257715   -0.267081   -0.276219   -0.286153   -0.297854   -0.311095   -0.325436   -0.340324   
0.017752   0.021152   0.024188   0.026892   0.029330   0.031587   0.033458   0.034126   0.032990   0.030240   0.026212   0.021092   0.015001   0.008019   0.000195   -0.008448   -0.017908   -0.028186   -0.039246   -0.050840   -0.063207   -0.076749   -0.091318   -0.106717   -0.122183   -0.136762   -0.149882   -0.161336   -0.171045   -0.179044   -0.185520   -0.190665   -0.194662   -0.197987   -0.201417   -0.205769   -0.211772   -0.219564   -0.228585   -0.238071   -0.247584   -0.257213   -0.267028   -0.276756   -0.286267   -0.296797   -0.309150   -0.323080   -0.338089   -0.353610   

