# ----- Rotor performance tables for the WISDEM tuning wind turbine ----- 
# ------------ Written on Nov-11-21 using the ROSCO toolbox ------------ 

# Pitch angle vector, 20 entries - x axis (matrix columns) (deg)
-5.0   -3.158   -1.316   0.5263   2.368   4.211   6.053   7.895   9.737   11.58   13.42   15.26   17.11   18.95   20.79   22.63   24.47   26.32   28.16   30.0   
# TSR vector, 20 entries - y axis (matrix rows) (-)
2.0    2.526    3.053    3.579    4.105    4.632    5.158    5.684    6.211    6.737    7.263    7.789    8.316    8.842    9.368    9.895    10.42    10.95    11.47    12.0    
# Wind speed vector - z axis (m/s)
8.299    

# Power coefficient

0.010835   0.013669   0.016448   0.019186   0.021930   0.024761   0.027773   0.030976   0.034264   0.037535   0.040743   0.043931   0.047100   0.049998   0.052140   0.053061   0.052572   0.050723   0.047655   0.043542   
0.022313   0.027074   0.031962   0.037126   0.042521   0.047833   0.052986   0.058009   0.063025   0.068008   0.072491   0.075629   0.076643   0.075328   0.071891   0.066658   0.059968   0.052154   0.043495   0.034197   
0.040640   0.048923   0.057299   0.065135   0.072627   0.079983   0.087390   0.094631   0.100831   0.104588   0.104830   0.101575   0.095388   0.086856   0.076501   0.064780   0.052124   0.038766   0.024753   0.010055   
0.068469   0.079846   0.090356   0.100607   0.110948   0.121231   0.130466   0.136744   0.138094   0.134294   0.126286   0.115023   0.101233   0.085543   0.068602   0.050840   0.032351   0.013040   -0.007271   -0.028433   
0.102777   0.116559   0.130280   0.144262   0.157795   0.169012   0.174904   0.173532   0.165762   0.153169   0.136868   0.117712   0.096544   0.074155   0.050955   0.026859   0.001637   -0.025021   -0.052654   -0.079120   
0.141847   0.159677   0.177957   0.195364   0.209093   0.215175   0.211810   0.200726   0.183983   0.162896   0.138511   0.111817   0.083779   0.054793   0.024674   -0.006962   -0.040557   -0.075576   -0.109195   -0.137596   
0.186519   0.209798   0.231932   0.249246   0.257010   0.253113   0.239815   0.219758   0.194547   0.165345   0.133275   0.099437   0.064416   0.027972   -0.010410   -0.051306   -0.094549   -0.137021   -0.173822   -0.201338   
0.237191   0.265027   0.287293   0.298749   0.296481   0.282696   0.260720   0.232503   0.199315   0.162325   0.122772   0.081596   0.038678   -0.006595   -0.054913   -0.106738   -0.159474   -0.207334   -0.244979   -0.269412   
0.291616   0.320176   0.337403   0.339553   0.327841   0.306003   0.276505   0.240680   0.199744   0.155001   0.107773   0.058409   0.006285   -0.049391   -0.109520   -0.173051   -0.234169   -0.285428   -0.322096   -0.342052   
0.343971   0.368606   0.378177   0.372127   0.353388   0.325042   0.288652   0.245422   0.196684   0.143971   0.088411   0.029664   -0.033125   -0.101012   -0.174584   -0.249738   -0.317789   -0.371005   -0.404946   -0.420646   
0.386389   0.406176   0.410192   0.398799   0.375059   0.341053   0.298049   0.247358   0.190584   0.129464   0.064554   -0.004906   -0.080024   -0.162046   -0.250064   -0.336354   -0.410119   -0.463968   -0.493943   -0.506670   
0.414063   0.433419   0.435469   0.421369   0.393892   0.354721   0.305171   0.246851   0.181712   0.111450   0.036010   -0.045658   -0.134884   -0.232887   -0.335876   -0.432652   -0.511217   -0.564396   -0.590038   -0.601429   
0.427061   0.451762   0.455394   0.440645   0.410400   0.366413   0.310326   0.244129   0.170165   0.089806   0.002526   -0.092941   -0.198190   -0.313727   -0.432017   -0.538684   -0.621216   -0.672537   -0.694337   -0.706156   
0.429446   0.461262   0.470382   0.456931   0.424844   0.376385   0.313707   0.239349   0.155911   0.064363   -0.036146   -0.147119   -0.270393   -0.404726   -0.538563   -0.654659   -0.740326   -0.788852   -0.807767   -0.822405   
0.424735   0.461537   0.480208   0.470316   0.437391   0.384791   0.315458   0.232573   0.138868   0.034956   -0.080268   -0.208559   -0.351845   -0.506095   -0.655661   -0.780824   -0.868839   -0.913853   -0.931294   -0.952249   
0.414918   0.454905   0.484240   0.480754   0.448123   0.391751   0.315661   0.223797   0.118936   0.001410   -0.130104   -0.277643   -0.442847   -0.618093   -0.783550   -0.917462   -1.006964   -1.048366   -1.066225   -1.097390   
0.400674   0.444310   0.481244   0.488071   0.457083   0.397333   0.314381   0.212990   0.096006   -0.036458   -0.185933   -0.354759   -0.543692   -0.741010   -0.922515   -1.064900   -1.155286   -1.193475   -1.213410   -1.259105   
0.382479   0.430688   0.472021   0.491968   0.464272   0.401593   0.311651   0.200107   0.069963   -0.078841   -0.248042   -0.440278   -0.654686   -0.875134   -1.072885   -1.223332   -1.313913   -1.349816   -1.373984   -1.438489   
0.360296   0.414300   0.460355   0.491952   0.469659   0.404564   0.307467   0.185092   0.040684   -0.125939   -0.316721   -0.534525   -0.776151   -1.020747   -1.234832   -1.393110   -1.483814   -1.518413   -1.548745   -1.636161   
0.334543   0.395348   0.446763   0.487377   0.473181   0.406260   0.301811   0.167878   0.008036   -0.177959   -0.392264   -0.637809   -0.908417   -1.178159   -1.409000   -1.575116   -1.665627   -1.699706   -1.739165   -1.853512   


#  Thrust coefficient

0.063369   0.062457   0.061498   0.060520   0.059582   0.058793   0.058291   0.058235   0.058689   0.059509   0.060512   0.061649   0.062886   0.063989   0.064487   0.063940   0.062163   0.059171   0.055087   0.050077   
0.079555   0.078747   0.078172   0.078042   0.078594   0.079921   0.081773   0.083864   0.086131   0.088490   0.090520   0.091451   0.090530   0.087513   0.082574   0.075994   0.068100   0.059228   0.049647   0.039554   
0.101555   0.102085   0.103623   0.106217   0.109474   0.113047   0.116815   0.120527   0.123463   0.124351   0.122120   0.116678   0.108504   0.098177   0.086219   0.073104   0.059260   0.044913   0.030140   0.014961   
0.132072   0.135593   0.140247   0.145524   0.151053   0.156525   0.161241   0.163549   0.161497   0.154673   0.143856   0.130002   0.113888   0.096171   0.077522   0.058357   0.038813   0.018866   -0.001560   -0.022228   
0.172786   0.179659   0.187228   0.194882   0.202110   0.207634   0.208617   0.202915   0.191095   0.174646   0.154803   0.132501   0.108662   0.084073   0.059167   0.033936   0.008272   -0.017985   -0.044302   -0.068694   
0.223593   0.233720   0.243775   0.253067   0.259616   0.259396   0.250196   0.233474   0.211332   0.185271   0.156529   0.126181   0.095219   0.064060   0.032635   0.000730   -0.031911   -0.064663   -0.094969   -0.119578   
0.284176   0.297059   0.308898   0.317110   0.316572   0.304634   0.283444   0.255764   0.223534   0.188187   0.151022   0.113167   0.075222   0.037086   -0.001557   -0.041053   -0.081065   -0.118787   -0.150102   -0.172174   
0.353998   0.368994   0.379736   0.380247   0.366897   0.342087   0.309429   0.271299   0.229411   0.185207   0.139993   0.094697   0.049313   0.003457   -0.043291   -0.091106   -0.137593   -0.177912   -0.207854   -0.225370   
0.432619   0.446777   0.449790   0.436858   0.409867   0.373204   0.329830   0.281717   0.230499   0.177635   0.124417   0.071233   0.017683   -0.036719   -0.092495   -0.148503   -0.199836   -0.240570   -0.267404   -0.279021   
0.517350   0.523942   0.513398   0.486397   0.447258   0.399742   0.346132   0.288270   0.227787   0.166237   0.104677   0.042926   -0.019561   -0.083419   -0.148826   -0.212179   -0.266507   -0.306098   -0.328399   -0.333605   
0.601040   0.594437   0.570060   0.530787   0.480852   0.423014   0.359355   0.291717   0.221859   0.151410   0.080914   0.009872   -0.062406   -0.136611   -0.211643   -0.281178   -0.336939   -0.374169   -0.390875   -0.389667   
0.676572   0.657537   0.621600   0.571855   0.511809   0.443846   0.370087   0.292523   0.213098   0.133315   0.053207   -0.027918   -0.110830   -0.196085   -0.280323   -0.354760   -0.410819   -0.444647   -0.455044   -0.447622   
0.742565   0.714859   0.669722   0.610631   0.540790   0.462712   0.378716   0.291007   0.201717   0.112022   0.021573   -0.070414   -0.164800   -0.261487   -0.354330   -0.432514   -0.487978   -0.517501   -0.521142   -0.507597   
0.802776   0.767415   0.715284   0.647605   0.568175   0.479936   0.385509   0.287398   0.187814   0.087554   -0.013955   -0.117580   -0.224244   -0.332462   -0.433227   -0.514234   -0.568315   -0.592767   -0.589266   -0.569681   
0.860807   0.815769   0.758460   0.683027   0.594223   0.495744   0.390664   0.281828   0.171429   0.059944   -0.053341   -0.169378   -0.289023   -0.408710   -0.516679   -0.599788   -0.651798   -0.670379   -0.659633   -0.634231   
0.918324   0.861954   0.799078   0.717025   0.619106   0.510303   0.394309   0.274366   0.152598   0.029231   -0.096546   -0.225776   -0.358970   -0.489982   -0.604475   -0.689090   -0.738291   -0.750530   -0.732763   -0.701226   
0.975951   0.907714   0.836569   0.749628   0.642941   0.523722   0.396544   0.265068   0.131359   -0.004549   -0.143543   -0.286746   -0.433920   -0.576065   -0.696475   -0.782086   -0.828048   -0.833585   -0.808622   -0.770573   
1.033958   0.953609   0.871545   0.780755   0.665795   0.536087   0.397448   0.253982   0.107747   -0.041369   -0.194307   -0.352249   -0.513718   -0.666772   -0.792597   -0.878581   -0.920774   -0.919451   -0.887352   -0.842349   
1.092583   0.999909   0.906269   0.810199   0.687706   0.547472   0.397076   0.241149   0.081789   -0.081206   -0.248818   -0.422215   -0.598229   -0.761939   -0.892590   -0.978573   -1.016989   -1.008427   -0.968704   -0.916411   
1.152053   1.046762   0.941131   0.837636   0.708688   0.557935   0.395474   0.226603   0.053508   -0.124044   -0.307055   -0.496565   -0.687328   -0.861445   -0.996714   -1.082568   -1.116783   -1.100300   -1.053055   -0.993426   


# Torque coefficient

0.005421   0.006839   0.008229   0.009599   0.010972   0.012388   0.013895   0.015498   0.017142   0.018779   0.020384   0.021979   0.023564   0.025014   0.026086   0.026547   0.026302   0.025377   0.023842   0.021784   
0.008838   0.010723   0.012659   0.014705   0.016842   0.018945   0.020986   0.022976   0.024962   0.026936   0.028712   0.029955   0.030356   0.029835   0.028474   0.026402   0.023752   0.020657   0.017227   0.013545   
0.013321   0.016036   0.018782   0.021350   0.023806   0.026217   0.028645   0.031019   0.033051   0.034282   0.034362   0.033295   0.031267   0.028470   0.025076   0.021234   0.017085   0.012707   0.008114   0.003296   
0.019143   0.022324   0.025262   0.028128   0.031019   0.033894   0.036476   0.038231   0.038609   0.037546   0.035307   0.032158   0.028303   0.023916   0.019180   0.014214   0.009045   0.003646   -0.002033   -0.007949   
0.025051   0.028410   0.031754   0.035162   0.038461   0.041195   0.042631   0.042296   0.040403   0.037333   0.033360   0.028691   0.023532   0.018075   0.012420   0.006547   0.000399   -0.006099   -0.012834   -0.019285   
0.030645   0.034497   0.038446   0.042207   0.045173   0.046487   0.045760   0.043365   0.039748   0.035192   0.029924   0.024157   0.018100   0.011838   0.005331   -0.001504   -0.008762   -0.016327   -0.023591   -0.029726   
0.036184   0.040700   0.044994   0.048353   0.049859   0.049103   0.046523   0.042632   0.037741   0.032076   0.025855   0.019290   0.012497   0.005426   -0.002019   -0.009953   -0.018342   -0.026582   -0.033721   -0.039059   
0.041754   0.046653   0.050573   0.052590   0.052191   0.049764   0.045895   0.040928   0.035086   0.028575   0.021612   0.014364   0.006809   -0.001161   -0.009667   -0.018789   -0.028073   -0.036498   -0.043124   -0.047425   
0.046984   0.051585   0.054361   0.054707   0.052820   0.049302   0.044549   0.038777   0.032182   0.024973   0.017364   0.009411   0.001013   -0.007958   -0.017645   -0.027881   -0.037728   -0.045987   -0.051895   -0.055110   
0.051089   0.054748   0.056170   0.055271   0.052488   0.048278   0.042873   0.036452   0.029213   0.021384   0.013132   0.004406   -0.004920   -0.015003   -0.025931   -0.037093   -0.047201   -0.055105   -0.060146   -0.062478   
0.053231   0.055957   0.056510   0.054941   0.051670   0.046985   0.041061   0.034077   0.026256   0.017836   0.008893   -0.000676   -0.011024   -0.022324   -0.034450   -0.046338   -0.056500   -0.063919   -0.068048   -0.069801   
0.053189   0.055675   0.055939   0.054128   0.050598   0.045566   0.039201   0.031710   0.023342   0.014317   0.004626   -0.005865   -0.017327   -0.029916   -0.043146   -0.055577   -0.065669   -0.072500   -0.075794   -0.077258   
0.051387   0.054359   0.054796   0.053021   0.049382   0.044089   0.037340   0.029375   0.020475   0.010806   0.000304   -0.011183   -0.023848   -0.037750   -0.051983   -0.064818   -0.074749   -0.080924   -0.083547   -0.084969   
0.048598   0.052198   0.053230   0.051708   0.048077   0.042593   0.035500   0.027086   0.017644   0.007284   -0.004090   -0.016649   -0.030599   -0.045801   -0.060946   -0.074084   -0.083778   -0.089270   -0.091410   -0.093067   
0.045364   0.049295   0.051289   0.050233   0.046716   0.041098   0.033693   0.024840   0.014832   0.003734   -0.008573   -0.022276   -0.037579   -0.054054   -0.070029   -0.083397   -0.092798   -0.097606   -0.099468   -0.101707   
0.041959   0.046003   0.048969   0.048616   0.045317   0.039616   0.031921   0.022632   0.012027   0.000143   -0.013157   -0.028077   -0.044783   -0.062505   -0.079237   -0.092779   -0.101830   -0.106016   -0.107823   -0.110974   
0.038472   0.042662   0.046208   0.046864   0.043888   0.038151   0.030186   0.020451   0.009218   -0.003501   -0.017853   -0.034063   -0.052204   -0.071150   -0.088578   -0.102250   -0.110928   -0.114595   -0.116509   -0.120897   
0.034959   0.039366   0.043144   0.044967   0.042435   0.036706   0.028485   0.018290   0.006395   -0.007206   -0.022672   -0.040242   -0.059840   -0.079989   -0.098064   -0.111815   -0.120094   -0.123376   -0.125585   -0.131481   
0.031421   0.036131   0.040147   0.042903   0.040959   0.035282   0.026814   0.016142   0.003548   -0.010983   -0.027621   -0.046615   -0.067687   -0.089018   -0.107689   -0.121492   -0.129402   -0.132419   -0.135065   -0.142688   
0.027896   0.032966   0.037253   0.040640   0.039456   0.033876   0.025166   0.013998   0.000670   -0.014839   -0.032709   -0.053183   -0.075748   -0.098240   -0.117488   -0.131340   -0.138887   -0.141728   -0.145019   -0.154553   

