# ----- Rotor performance tables for the WISDEM tuning wind turbine ----- 
# ------------ Written on Dec-30-20 using the ROSCO toolbox ------------ 

# Pitch angle vector, 20 entries - x axis (matrix columns) (deg)
-5.0   -3.158   -1.316   0.5263   2.368   4.211   6.053   7.895   9.737   11.58   13.42   15.26   17.11   18.95   20.79   22.63   24.47   26.32   28.16   30.0   
# TSR vector, 20 entries - y axis (matrix rows) (-)
2.0    2.526    3.053    3.579    4.105    4.632    5.158    5.684    6.211    6.737    7.263    7.789    8.316    8.842    9.368    9.895    10.42    10.95    11.47    12.0    
# Wind speed vector - z axis (m/s)
8.455    

# Power coefficient

0.017978   0.021694   0.025399   0.029101   0.032809   0.036484   0.040031   0.043404   0.046656   0.049878   0.053136   0.056377   0.059272   0.061207   0.061612   0.060295   0.057409   0.053238   0.048058   0.042083   
0.037334   0.043612   0.049829   0.055726   0.061165   0.066311   0.071422   0.076659   0.081894   0.086467   0.089195   0.089155   0.086319   0.081201   0.074335   0.066127   0.056901   0.046925   0.036375   0.025298   
0.066464   0.075429   0.083419   0.090956   0.098608   0.106558   0.114326   0.120476   0.123043   0.121153   0.115422   0.106852   0.096165   0.083855   0.070355   0.056049   0.041097   0.025503   0.009170   -0.007928   
0.103664   0.114305   0.124991   0.136272   0.147529   0.156823   0.161336   0.159496   0.152194   0.140991   0.126954   0.110718   0.092866   0.073939   0.054236   0.033788   0.012417   -0.010067   -0.033493   -0.056607   
0.146886   0.161721   0.177334   0.191704   0.201405   0.203326   0.197194   0.185120   0.168946   0.149627   0.127881   0.104385   0.079752   0.054268   0.027745   -0.000082   -0.029540   -0.060213   -0.090012   -0.116019   
0.198722   0.219122   0.236522   0.246678   0.246827   0.237589   0.221728   0.201219   0.177030   0.149967   0.120770   0.090236   0.058577   0.025541   -0.009275   -0.046369   -0.085308   -0.123371   -0.156570   -0.181825   
0.258641   0.279416   0.291123   0.291411   0.280888   0.262624   0.238807   0.210538   0.178619   0.143947   0.107384   0.069335   0.029513   -0.012626   -0.057719   -0.105761   -0.153849   -0.196888   -0.230353   -0.252921   
0.317089   0.331980   0.334985   0.325780   0.307121   0.281653   0.250575   0.214789   0.175213   0.132813   0.088371   0.041688   -0.007864   -0.061028   -0.118422   -0.177841   -0.233546   -0.278839   -0.310502   -0.330525   
0.364494   0.373272   0.368955   0.352993   0.328287   0.296450   0.258410   0.215120   0.167627   0.117081   0.063714   0.006907   -0.054168   -0.120486   -0.191501   -0.261903   -0.323010   -0.368409   -0.397175   -0.416432   
0.398919   0.404331   0.395682   0.375441   0.345893   0.308124   0.263153   0.212100   0.156308   0.096760   0.033125   -0.035453   -0.110051   -0.191587   -0.276861   -0.357063   -0.421413   -0.465171   -0.492019   -0.512786   
0.420952   0.426954   0.417137   0.394466   0.360790   0.317302   0.265248   0.206083   0.141372   0.071680   -0.003712   -0.085893   -0.176185   -0.274546   -0.374344   -0.462517   -0.528040   -0.570111   -0.597489   -0.621111   
0.431567   0.442389   0.434380   0.410681   0.373463   0.324344   0.264984   0.197233   0.122766   0.041620   -0.047169   -0.144930   -0.253150   -0.369604   -0.483454   -0.577331   -0.643649   -0.685475   -0.714681   -0.743052   
0.432232   0.451021   0.447778   0.424412   0.384198   0.329494   0.262532   0.185636   0.100351   0.006320   -0.097632   -0.213080   -0.341317   -0.476897   -0.603166   -0.701983   -0.769999   -0.812392   -0.844181   -0.880597   
0.426259   0.452665   0.457361   0.435834   0.393191   0.332927   0.258010   0.171252   0.073958   -0.034495   -0.155488   -0.290857   -0.441027   -0.596035   -0.733516   -0.837997   -0.907859   -0.951653   -0.986737   -1.036060   
0.415810   0.447617   0.462971   0.445050   0.400602   0.334758   0.251467   0.153991   0.043403   -0.081104   -0.221121   -0.378752   -0.552390   -0.726421   -0.875603   -0.986171   -1.058048   -1.103881   -1.143625   -1.210818   
0.401698   0.438434   0.464298   0.452128   0.406527   0.335056   0.242903   0.133746   0.008496   -0.133786   -0.294930   -0.477104   -0.674790   -0.868728   -1.030540   -1.147313   -1.221371   -1.268976   -1.317123   -1.405870   
0.384304   0.426323   0.460886   0.457067   0.411022   0.333863   0.232285   0.110397   -0.030955   -0.192827   -0.377319   -0.585867   -0.808811   -1.024385   -1.198968   -1.321824   -1.397578   -1.448355   -1.509273   -1.621728   
0.363874   0.411774   0.452837   0.459810   0.414122   0.331198   0.219560   0.083825   -0.075143   -0.258535   -0.468579   -0.704359   -0.955896   -1.193660   -1.381017   -1.509954   -1.587754   -1.643324   -1.721737   -1.858873   
0.340598   0.395055   0.441706   0.460253   0.415843   0.327059   0.204667   0.053905   -0.124278   -0.331214   -0.568653   -0.833471   -1.117082   -1.377141   -1.577673   -1.712403   -1.792556   -1.855110   -1.955441   -2.118524   
0.314941   0.376454   0.428614   0.458238   0.416185   0.321430   0.187539   0.020509   -0.178587   -0.411087   -0.676630   -0.975188   -1.292416   -1.575221   -1.788645   -1.929399   -2.012958   -2.084763   -2.211594   -2.401592   


#  Thrust coefficient

0.071699   0.071330   0.070974   0.070659   0.070421   0.070313   0.070416   0.070781   0.071394   0.072212   0.073199   0.074284   0.075179   0.075307   0.074103   0.071346   0.067177   0.061854   0.055632   0.048734   
0.094773   0.095053   0.095525   0.096311   0.097508   0.099089   0.100966   0.103075   0.105309   0.107140   0.107448   0.105281   0.100540   0.093713   0.085284   0.075670   0.065185   0.054091   0.042586   0.030737   
0.126406   0.128186   0.130594   0.133551   0.136918   0.140612   0.144327   0.146876   0.146333   0.141675   0.133423   0.122518   0.109675   0.095428   0.080212   0.064425   0.048260   0.031762   0.014897   -0.002316   
0.168302   0.172698   0.177753   0.183338   0.189022   0.193343   0.193581   0.187904   0.177003   0.162389   0.145155   0.126029   0.105633   0.084543   0.063088   0.041356   0.019253   -0.003341   -0.026192   -0.048080   
0.221889   0.229513   0.237661   0.244977   0.248590   0.245050   0.233690   0.216536   0.195496   0.171674   0.145940   0.119041   0.091623   0.064014   0.036121   0.007771   -0.021245   -0.050441   -0.077809   -0.100706   
0.288130   0.299027   0.307628   0.310053   0.302753   0.286058   0.262863   0.235345   0.204775   0.172145   0.138303   0.104071   0.069711   0.035070   -0.000127   -0.036204   -0.072628   -0.106772   -0.135130   -0.155613   
0.366767   0.376570   0.378113   0.367983   0.346734   0.317893   0.284062   0.246732   0.206981   0.165840   0.124208   0.082506   0.040544   -0.002052   -0.045697   -0.090198   -0.132702   -0.168726   -0.195208   -0.211937   
0.451440   0.452714   0.441161   0.416638   0.382900   0.343241   0.299341   0.252474   0.203758   0.154210   0.104571   0.054723   0.004228   -0.047400   -0.100472   -0.152700   -0.198861   -0.234182   -0.257370   -0.270002   
0.532983   0.521567   0.495662   0.458410   0.413775   0.363898   0.310181   0.253866   0.196098   0.137950   0.079659   0.020782   -0.039234   -0.100975   -0.163587   -0.221948   -0.269356   -0.302395   -0.321328   -0.330078   
0.606908   0.582263   0.543778   0.495693   0.440948   0.381090   0.317542   0.251601   0.184561   0.117288   0.049540   -0.019273   -0.089816   -0.162500   -0.233902   -0.296446   -0.343298   -0.372712   -0.387613   -0.392970   
0.672151   0.636408   0.587694   0.529984   0.465393   0.395539   0.321952   0.246116   0.169418   0.092316   0.014277   -0.065401   -0.147476   -0.231305   -0.310389   -0.375149   -0.419813   -0.445619   -0.457340   -0.458775   
0.729771   0.685764   0.628785   0.562026   0.487673   0.407655   0.323757   0.237684   0.150797   0.063100   -0.026085   -0.117558   -0.212058   -0.306712   -0.392014   -0.456972   -0.499296   -0.522378   -0.530566   -0.526937   
0.781916   0.731330   0.667630   0.592228   0.508110   0.417724   0.323201   0.226497   0.128766   0.029691   -0.071500   -0.175681   -0.283184   -0.388048   -0.477487   -0.542156   -0.582878   -0.603062   -0.606968   -0.596950   
0.831547   0.773442   0.704410   0.620821   0.526938   0.425967   0.320478   0.212657   0.103376   -0.007868   -0.121914   -0.239698   -0.360436   -0.474328   -0.566632   -0.631656   -0.670700   -0.687534   -0.686188   -0.669106   
0.880394   0.812592   0.739108   0.647966   0.544353   0.432553   0.315724   0.196222   0.074672   -0.049528   -0.177263   -0.309497   -0.443179   -0.564576   -0.660155   -0.725674   -0.762838   -0.775655   -0.767941   -0.743978   
0.929205   0.850568   0.771602   0.673791   0.560496   0.437612   0.309030   0.177239   0.042698   -0.095233   -0.237496   -0.384818   -0.530184   -0.659166   -0.758648   -0.824410   -0.859292   -0.866691   -0.852732   -0.822057   
0.978371   0.888196   0.801681   0.698371   0.575477   0.441249   0.300458   0.155749   0.007501   -0.144937   -0.302564   -0.465040   -0.621546   -0.759064   -0.862152   -0.927652   -0.959228   -0.961191   -0.940871   -0.903451   
1.028138   0.925837   0.829482   0.721734   0.589383   0.443545   0.290058   0.131793   -0.030874   -0.198610   -0.372316   -0.548967   -0.718136   -0.864072   -0.970240   -1.035154   -1.063072   -1.059392   -1.032560   -0.988059   
1.078672   0.963705   0.856097   0.743876   0.602286   0.444559   0.277873   0.105414   -0.072395   -0.256222   -0.446276   -0.636990   -0.820469   -0.974278   -1.083278   -1.147044   -1.170789   -1.161456   -1.127599   -1.076200   
1.130127   1.001973   0.882347   0.764750   0.614240   0.444340   0.263944   0.076646   -0.117047   -0.317668   -0.523171   -0.730421   -0.928145   -1.089481   -1.200499   -1.263027   -1.282598   -1.267338   -1.226345   -1.167717   


# Torque coefficient

0.009036   0.010903   0.012765   0.014626   0.016489   0.018336   0.020119   0.021814   0.023449   0.025068   0.026706   0.028334   0.029790   0.030762   0.030965   0.030303   0.028853   0.026757   0.024153   0.021150   
0.014855   0.017353   0.019826   0.022173   0.024337   0.026384   0.028418   0.030501   0.032584   0.034403   0.035489   0.035473   0.034345   0.032309   0.029577   0.026311   0.022640   0.018671   0.014473   0.010066   
0.021886   0.024838   0.027468   0.029950   0.032470   0.035088   0.037645   0.039671   0.040516   0.039894   0.038006   0.035184   0.031665   0.027612   0.023167   0.018456   0.013533   0.008398   0.003019   -0.002611   
0.029115   0.032104   0.035105   0.038273   0.041435   0.044045   0.045313   0.044796   0.042745   0.039599   0.035656   0.031096   0.026082   0.020766   0.015233   0.009489   0.003487   -0.002827   -0.009407   -0.015899   
0.035965   0.039598   0.043420   0.046939   0.049314   0.049784   0.048283   0.045327   0.041367   0.036636   0.031312   0.025559   0.019527   0.013287   0.006793   -0.000020   -0.007233   -0.014743   -0.022040   -0.028407   
0.043128   0.047555   0.051332   0.053536   0.053568   0.051563   0.048121   0.043670   0.038420   0.032547   0.026210   0.019584   0.012713   0.005543   -0.002013   -0.010063   -0.018514   -0.026775   -0.033980   -0.039461   
0.050404   0.054453   0.056734   0.056791   0.054740   0.051181   0.046539   0.041030   0.034810   0.028053   0.020927   0.013512   0.005752   -0.002461   -0.011248   -0.020611   -0.029982   -0.038370   -0.044891   -0.049289   
0.056073   0.058706   0.059238   0.057610   0.054310   0.049807   0.044311   0.037983   0.030984   0.023486   0.015627   0.007372   -0.001391   -0.010792   -0.020941   -0.031449   -0.041300   -0.049309   -0.054908   -0.058449   
0.058994   0.060414   0.059715   0.057132   0.053133   0.047980   0.041824   0.034817   0.027131   0.018950   0.010312   0.001118   -0.008767   -0.019501   -0.030995   -0.042389   -0.052279   -0.059627   -0.064283   -0.067400   
0.059521   0.060328   0.059038   0.056018   0.051609   0.045974   0.039264   0.031647   0.023322   0.014437   0.004943   -0.005290   -0.016420   -0.028586   -0.041309   -0.053276   -0.062877   -0.069406   -0.073412   -0.076511   
0.058257   0.059088   0.057729   0.054592   0.049931   0.043913   0.036709   0.028521   0.019565   0.009920   -0.000514   -0.011887   -0.024383   -0.037995   -0.051807   -0.064009   -0.073077   -0.078900   -0.082689   -0.085958   
0.055691   0.057087   0.056054   0.052995   0.048193   0.041854   0.034194   0.025452   0.015842   0.005371   -0.006087   -0.018702   -0.032667   -0.047695   -0.062386   -0.074500   -0.083058   -0.088456   -0.092224   -0.095886   
0.052246   0.054517   0.054125   0.051301   0.046440   0.039828   0.031734   0.022439   0.012130   0.000764   -0.011801   -0.025756   -0.041257   -0.057645   -0.072908   -0.084853   -0.093074   -0.098198   -0.102041   -0.106443   
0.048457   0.051459   0.051993   0.049546   0.044698   0.037847   0.029331   0.019468   0.008408   -0.003921   -0.017676   -0.033065   -0.050136   -0.067758   -0.083387   -0.095264   -0.103206   -0.108185   -0.112173   -0.117780   
0.044614   0.048027   0.049674   0.047751   0.042982   0.035918   0.026981   0.016522   0.004657   -0.008702   -0.023725   -0.040638   -0.059268   -0.077941   -0.093947   -0.105810   -0.113522   -0.118440   -0.122704   -0.129914   
0.040807   0.044539   0.047167   0.045930   0.041298   0.034037   0.024676   0.013587   0.000863   -0.013591   -0.029961   -0.048468   -0.068550   -0.088251   -0.104689   -0.116552   -0.124075   -0.128911   -0.133802   -0.142818   
0.037069   0.041122   0.044455   0.044087   0.039646   0.032203   0.022405   0.010649   -0.002986   -0.018599   -0.036395   -0.056511   -0.078015   -0.098808   -0.115648   -0.127498   -0.134805   -0.139703   -0.145579   -0.156426   
0.033411   0.037809   0.041579   0.042219   0.038024   0.030410   0.020160   0.007697   -0.006900   -0.023738   -0.043024   -0.064673   -0.087769   -0.109601   -0.126804   -0.138642   -0.145786   -0.150888   -0.158088   -0.170680   
0.029839   0.034610   0.038697   0.040321   0.036431   0.028653   0.017930   0.004722   -0.010888   -0.029017   -0.049818   -0.073018   -0.097864   -0.120647   -0.138215   -0.150019   -0.157041   -0.162521   -0.171311   -0.185598   
0.026381   0.031534   0.035903   0.038384   0.034862   0.026924   0.015709   0.001718   -0.014959   -0.034435   -0.056678   -0.081686   -0.108259   -0.131948   -0.149825   -0.161616   -0.168615   -0.174630   -0.185253   -0.201169   

