 ------- BEAMDYN V1.00.* INDIVIDUAL BLADE INPUT FILE --------------------------
 Test Format 1
 ---------------------- BLADE PARAMETERS --------------------------------------
30   station_total    - Number of blade input stations (-)
 1   damp_type        - Damping type: 0: no damping; 1: damped
  ---------------------- DAMPING COEFFICIENT------------------------------------
   mu1        mu2        mu3        mu4        mu5        mu6
   (-)        (-)        (-)        (-)        (-)        (-)
1.0E-02    1.0E-02    1.0E-02    1.0E-02    1.0E-02    1.0E-02
 ---------------------- DISTRIBUTED PROPERTIES---------------------------------
	 0.000000 
	 4.7038617838202868e+09 	 -1.6549246227061021e-01 	 0.0000000000000000e+00 	 0.0000000000000000e+00 	 0.0000000000000000e+00 	 8.2312327425023398e+02
	 -1.6562708139969265e-01 	 4.7038606061344624e+09 	 0.0000000000000000e+00 	 0.0000000000000000e+00 	 0.0000000000000000e+00 	 -1.4818991789510159e+00
	 0.0000000000000000e+00 	 0.0000000000000000e+00 	 3.2143162914148064e+10 	 -5.7146193552256400e+03 	 3.1523478799623410e+00 	 0.0000000000000000e+00
	 0.0000000000000000e+00 	 0.0000000000000000e+00 	 -5.7146186706145409e+03 	 7.8381176835829834e+10 	 8.6716183045324549e+00 	 0.0000000000000000e+00
	 0.0000000000000000e+00 	 0.0000000000000000e+00 	 3.1532587852503959e+00 	 8.6711300824982960e+00 	 7.8381195918036743e+10 	 0.0000000000000000e+00
	 8.2312327425872616e+02 	 -1.4819013670015837e+00 	 0.0000000000000000e+00 	 0.0000000000000000e+00 	 0.0000000000000000e+00 	 4.5851360064601929e+10

	 2.2243213169713385e+03 	 0.0000000000000000e+00 	 0.0000000000000000e+00 	 0.0000000000000000e+00 	 0.0000000000000000e+00 	 3.9522661751788257e-04
	 0.0000000000000000e+00 	 2.2243213169713385e+03 	 0.0000000000000000e+00 	 0.0000000000000000e+00 	 0.0000000000000000e+00 	 -2.5819147973587218e-07
	 0.0000000000000000e+00 	 0.0000000000000000e+00 	 2.2243213169713385e+03 	 -3.9522661751788257e-04 	 2.5819147973587218e-07 	 0.0000000000000000e+00
	 0.0000000000000000e+00 	 0.0000000000000000e+00 	 -3.9522661751788257e-04 	 5.4252729273182340e+03 	 5.8079775288254979e-07 	 0.0000000000000000e+00
	 0.0000000000000000e+00 	 0.0000000000000000e+00 	 2.5819147973587218e-07 	 5.8079775288254979e-07 	 5.4252742504031203e+03 	 0.0000000000000000e+00
	 3.9522661751788257e-04 	 -2.5819147973587218e-07 	 0.0000000000000000e+00 	 0.0000000000000000e+00 	 0.0000000000000000e+00 	 1.0850547177721352e+04

	 0.034483 
	 3.3135488160848169e+09 	 -2.8879768350230038e+07 	 0.0000000000000000e+00 	 0.0000000000000000e+00 	 0.0000000000000000e+00 	 1.6499071726268822e+08
	 -2.8879768350012369e+07 	 3.9116979246659894e+09 	 0.0000000000000000e+00 	 0.0000000000000000e+00 	 0.0000000000000000e+00 	 2.2200326489759404e+06
	 0.0000000000000000e+00 	 0.0000000000000000e+00 	 2.7604126400440037e+10 	 -1.2050109604444466e+09 	 6.4279553000012159e+08 	 0.0000000000000000e+00
	 0.0000000000000000e+00 	 0.0000000000000000e+00 	 -1.2050109604448957e+09 	 5.9189318802939819e+10 	 -3.5458448495099201e+09 	 0.0000000000000000e+00
	 0.0000000000000000e+00 	 0.0000000000000000e+00 	 6.4279552999985504e+08 	 -3.5458448495099578e+09 	 6.0958249195738121e+10 	 0.0000000000000000e+00
	 1.6499071726269078e+08 	 2.2200326489726896e+06 	 0.0000000000000000e+00 	 0.0000000000000000e+00 	 0.0000000000000000e+00 	 3.1605963342391541e+10

	 1.7344586331267610e+03 	 0.0000000000000000e+00 	 0.0000000000000000e+00 	 0.0000000000000000e+00 	 0.0000000000000000e+00 	 6.7874505922637638e+01
	 0.0000000000000000e+00 	 1.7344586331267610e+03 	 0.0000000000000000e+00 	 0.0000000000000000e+00 	 0.0000000000000000e+00 	 8.3089388026573541e-01
	 0.0000000000000000e+00 	 0.0000000000000000e+00 	 1.7344586331267610e+03 	 -6.7874505922637638e+01 	 -8.3089388026573541e-01 	 0.0000000000000000e+00
	 0.0000000000000000e+00 	 0.0000000000000000e+00 	 -6.7874505922637638e+01 	 4.0227040612367264e+03 	 -3.7892922872129809e+01 	 0.0000000000000000e+00
	 0.0000000000000000e+00 	 0.0000000000000000e+00 	 -8.3089388026573541e-01 	 -3.7892922872129809e+01 	 3.5792443043307690e+03 	 0.0000000000000000e+00
	 6.7874505922637638e+01 	 8.3089388026573541e-01 	 0.0000000000000000e+00 	 0.0000000000000000e+00 	 0.0000000000000000e+00 	 7.6019483655675076e+03

	 0.068966 
	 1.7013887213653901e+09 	 -2.1962894404666774e+07 	 0.0000000000000000e+00 	 0.0000000000000000e+00 	 0.0000000000000000e+00 	 4.4244144743956751e+08
	 -2.1962894404770836e+07 	 3.2266220696472054e+09 	 0.0000000000000000e+00 	 0.0000000000000000e+00 	 0.0000000000000000e+00 	 1.9720975018923823e+07
	 0.0000000000000000e+00 	 0.0000000000000000e+00 	 2.1571472370654449e+10 	 -1.3719516184147913e+09 	 4.2900472670409274e+08 	 0.0000000000000000e+00
	 0.0000000000000000e+00 	 0.0000000000000000e+00 	 -1.3719516184142048e+09 	 3.8796304826849037e+10 	 -2.4906858619699349e+09 	 0.0000000000000000e+00
	 0.0000000000000000e+00 	 0.0000000000000000e+00 	 4.2900472670406097e+08 	 -2.4906858619699903e+09 	 2.8615042235772945e+10 	 0.0000000000000000e+00
	 4.4244144743962848e+08 	 1.9720975018962577e+07 	 0.0000000000000000e+00 	 0.0000000000000000e+00 	 0.0000000000000000e+00 	 1.4870123424593792e+10

	 1.2667930623636282e+03 	 0.0000000000000000e+00 	 0.0000000000000000e+00 	 0.0000000000000000e+00 	 0.0000000000000000e+00 	 1.1756493451613152e+02
	 0.0000000000000000e+00 	 1.2667930623636282e+03 	 0.0000000000000000e+00 	 0.0000000000000000e+00 	 0.0000000000000000e+00 	 1.3205476992236415e+01
	 0.0000000000000000e+00 	 0.0000000000000000e+00 	 1.2667930623636282e+03 	 -1.1756493451613152e+02 	 -1.3205476992236415e+01 	 0.0000000000000000e+00
	 0.0000000000000000e+00 	 0.0000000000000000e+00 	 -1.1756493451613152e+02 	 2.6472093111740978e+03 	 -3.8337187859246072e+01 	 0.0000000000000000e+00
	 0.0000000000000000e+00 	 0.0000000000000000e+00 	 -1.3205476992236415e+01 	 -3.8337187859246072e+01 	 1.5037168012434513e+03 	 0.0000000000000000e+00
	 1.1756493451613152e+02 	 1.3205476992236415e+01 	 0.0000000000000000e+00 	 0.0000000000000000e+00 	 0.0000000000000000e+00 	 4.1509261124175409e+03

	 0.103448 
	 1.0824730841499405e+09 	 1.0360446790432677e+08 	 0.0000000000000000e+00 	 0.0000000000000000e+00 	 0.0000000000000000e+00 	 8.6186344617683983e+08
	 1.0360446790431564e+08 	 2.5739910506501970e+09 	 0.0000000000000000e+00 	 0.0000000000000000e+00 	 0.0000000000000000e+00 	 1.2444841494117545e+08
	 0.0000000000000000e+00 	 0.0000000000000000e+00 	 1.7969011779441826e+10 	 -5.5715884597542820e+09 	 -7.5467447709205657e+07 	 0.0000000000000000e+00
	 0.0000000000000000e+00 	 0.0000000000000000e+00 	 -5.5715884597544003e+09 	 2.9878792240764328e+10 	 -1.8049214925305290e+09 	 0.0000000000000000e+00
	 0.0000000000000000e+00 	 0.0000000000000000e+00 	 -7.5467447709313259e+07 	 -1.8049214925305324e+09 	 1.2943541974095802e+10 	 0.0000000000000000e+00
	 8.6186344617670262e+08 	 1.2444841494119899e+08 	 0.0000000000000000e+00 	 0.0000000000000000e+00 	 0.0000000000000000e+00 	 6.3005792027080841e+09

	 1.0252424689217294e+03 	 0.0000000000000000e+00 	 0.0000000000000000e+00 	 0.0000000000000000e+00 	 0.0000000000000000e+00 	 2.1208293770828018e+02
	 0.0000000000000000e+00 	 1.0252424689217294e+03 	 0.0000000000000000e+00 	 0.0000000000000000e+00 	 0.0000000000000000e+00 	 2.2431099055396441e+01
	 0.0000000000000000e+00 	 0.0000000000000000e+00 	 1.0252424689217294e+03 	 -2.1208293770828018e+02 	 -2.2431099055396441e+01 	 0.0000000000000000e+00
	 0.0000000000000000e+00 	 0.0000000000000000e+00 	 -2.1208293770828018e+02 	 1.8968774793906050e+03 	 -4.6602195925475122e+01 	 0.0000000000000000e+00
	 0.0000000000000000e+00 	 0.0000000000000000e+00 	 -2.2431099055396441e+01 	 -4.6602195925475122e+01 	 5.9098962432868643e+02 	 0.0000000000000000e+00
	 2.1208293770828018e+02 	 2.2431099055396441e+01 	 0.0000000000000000e+00 	 0.0000000000000000e+00 	 0.0000000000000000e+00 	 2.4878671037192944e+03

	 0.137931 
	 7.1914890506701899e+08 	 8.5603028536805615e+07 	 0.0000000000000000e+00 	 0.0000000000000000e+00 	 0.0000000000000000e+00 	 6.4532873392041159e+08
	 8.5603028536786869e+07 	 1.9831008872765713e+09 	 0.0000000000000000e+00 	 0.0000000000000000e+00 	 0.0000000000000000e+00 	 1.1108319459785692e+08
	 0.0000000000000000e+00 	 0.0000000000000000e+00 	 1.5730336139537933e+10 	 -5.4950497130769558e+09 	 -1.0831799245744447e+08 	 0.0000000000000000e+00
	 0.0000000000000000e+00 	 0.0000000000000000e+00 	 -5.4950497130768604e+09 	 2.3594813172938519e+10 	 -1.4768915073284907e+09 	 0.0000000000000000e+00
	 0.0000000000000000e+00 	 0.0000000000000000e+00 	 -1.0831799245737642e+08 	 -1.4768915073285408e+09 	 8.9810045409378490e+09 	 0.0000000000000000e+00
	 6.4532873392047536e+08 	 1.1108319459789471e+08 	 0.0000000000000000e+00 	 0.0000000000000000e+00 	 0.0000000000000000e+00 	 3.6794820187063107e+09

	 8.0579222173980804e+02 	 0.0000000000000000e+00 	 0.0000000000000000e+00 	 0.0000000000000000e+00 	 0.0000000000000000e+00 	 1.6240927852543615e+02
	 0.0000000000000000e+00 	 8.0579222173980804e+02 	 0.0000000000000000e+00 	 0.0000000000000000e+00 	 0.0000000000000000e+00 	 2.1449123562839301e+01
	 0.0000000000000000e+00 	 0.0000000000000000e+00 	 8.0579222173980804e+02 	 -1.6240927852543615e+02 	 -2.1449123562839301e+01 	 0.0000000000000000e+00
	 0.0000000000000000e+00 	 0.0000000000000000e+00 	 -1.6240927852543615e+02 	 1.4317145244124792e+03 	 -3.9367239194613958e+01 	 0.0000000000000000e+00
	 0.0000000000000000e+00 	 0.0000000000000000e+00 	 -2.1449123562839301e+01 	 -3.9367239194613958e+01 	 3.4300689995702663e+02 	 0.0000000000000000e+00
	 1.6240927852543615e+02 	 2.1449123562839301e+01 	 0.0000000000000000e+00 	 0.0000000000000000e+00 	 0.0000000000000000e+00 	 1.7747214243695066e+03

	 0.172414 
	 4.7539350275600034e+08 	 6.2152536647457898e+07 	 0.0000000000000000e+00 	 0.0000000000000000e+00 	 0.0000000000000000e+00 	 4.6215839009187406e+08
	 6.2152536647401065e+07 	 1.5047453501928740e+09 	 0.0000000000000000e+00 	 0.0000000000000000e+00 	 0.0000000000000000e+00 	 9.3249149365536839e+07
	 0.0000000000000000e+00 	 0.0000000000000000e+00 	 1.4203839267614981e+10 	 -5.4289205261566038e+09 	 -1.2546359444297859e+08 	 0.0000000000000000e+00
	 0.0000000000000000e+00 	 0.0000000000000000e+00 	 -5.4289205261565084e+09 	 1.8863617501257172e+10 	 -1.0475489068147693e+09 	 0.0000000000000000e+00
	 0.0000000000000000e+00 	 0.0000000000000000e+00 	 -1.2546359444303563e+08 	 -1.0475489068148484e+09 	 6.1663429269596519e+09 	 0.0000000000000000e+00
	 4.6215839009188026e+08 	 9.3249149365524292e+07 	 0.0000000000000000e+00 	 0.0000000000000000e+00 	 0.0000000000000000e+00 	 2.0426612859683349e+09

	 6.3884402893012907e+02 	 0.0000000000000000e+00 	 0.0000000000000000e+00 	 0.0000000000000000e+00 	 0.0000000000000000e+00 	 1.2004032612025148e+02
	 0.0000000000000000e+00 	 6.3884402893012907e+02 	 0.0000000000000000e+00 	 0.0000000000000000e+00 	 0.0000000000000000e+00 	 1.9565053592197312e+01
	 0.0000000000000000e+00 	 0.0000000000000000e+00 	 6.3884402893012907e+02 	 -1.2004032612025148e+02 	 -1.9565053592197312e+01 	 0.0000000000000000e+00
	 0.0000000000000000e+00 	 0.0000000000000000e+00 	 -1.2004032612025148e+02 	 1.0908273579371300e+03 	 -2.9430077933851432e+01 	 0.0000000000000000e+00
	 0.0000000000000000e+00 	 0.0000000000000000e+00 	 -1.9565053592197312e+01 	 -2.9430077933851432e+01 	 1.9335251180626716e+02 	 0.0000000000000000e+00
	 1.2004032612025148e+02 	 1.9565053592197312e+01 	 0.0000000000000000e+00 	 0.0000000000000000e+00 	 0.0000000000000000e+00 	 1.2841798697434026e+03

	 0.206897 
	 3.3968100109383202e+08 	 4.8396690995053075e+07 	 0.0000000000000000e+00 	 0.0000000000000000e+00 	 0.0000000000000000e+00 	 3.0839524706465769e+08
	 4.8396690995001078e+07 	 1.1406030054838128e+09 	 0.0000000000000000e+00 	 0.0000000000000000e+00 	 0.0000000000000000e+00 	 6.8837008309032694e+07
	 0.0000000000000000e+00 	 0.0000000000000000e+00 	 1.3433360850645662e+10 	 -5.2084334367250519e+09 	 -9.1031481198030077e+06 	 0.0000000000000000e+00
	 0.0000000000000000e+00 	 0.0000000000000000e+00 	 -5.2084334367250166e+09 	 1.5646756320849873e+10 	 -8.5711596842732489e+08 	 0.0000000000000000e+00
	 0.0000000000000000e+00 	 0.0000000000000000e+00 	 -9.1031481197404005e+06 	 -8.5711596842735028e+08 	 4.6566286549662256e+09 	 0.0000000000000000e+00
	 3.0839524706466091e+08 	 6.8837008309043840e+07 	 0.0000000000000000e+00 	 0.0000000000000000e+00 	 0.0000000000000000e+00 	 1.1805930889132731e+09

	 5.2293887902407982e+02 	 0.0000000000000000e+00 	 0.0000000000000000e+00 	 0.0000000000000000e+00 	 0.0000000000000000e+00 	 7.4547445848583862e+01
	 0.0000000000000000e+00 	 5.2293887902407982e+02 	 0.0000000000000000e+00 	 0.0000000000000000e+00 	 0.0000000000000000e+00 	 1.1863215692184822e+01
	 0.0000000000000000e+00 	 0.0000000000000000e+00 	 5.2293887902407982e+02 	 -7.4547445848583862e+01 	 -1.1863215692184822e+01 	 0.0000000000000000e+00
	 0.0000000000000000e+00 	 0.0000000000000000e+00 	 -7.4547445848583862e+01 	 8.5712259546256666e+02 	 -2.5578983496258783e+01 	 0.0000000000000000e+00
	 0.0000000000000000e+00 	 0.0000000000000000e+00 	 -1.1863215692184822e+01 	 -2.5578983496258783e+01 	 1.2054518640255077e+02 	 0.0000000000000000e+00
	 7.4547445848583862e+01 	 1.1863215692184822e+01 	 0.0000000000000000e+00 	 0.0000000000000000e+00 	 0.0000000000000000e+00 	 9.7766778186511965e+02

	 0.241379 
	 2.7829731924537003e+08 	 3.2274243691152167e+07 	 0.0000000000000000e+00 	 0.0000000000000000e+00 	 0.0000000000000000e+00 	 2.3547726998236719e+08
	 3.2274243691235870e+07 	 8.9304008619552577e+08 	 0.0000000000000000e+00 	 0.0000000000000000e+00 	 0.0000000000000000e+00 	 5.9301424347108744e+07
	 0.0000000000000000e+00 	 0.0000000000000000e+00 	 1.3212132061193392e+10 	 -5.3767076510851994e+09 	 -1.3510394128859392e+08 	 0.0000000000000000e+00
	 0.0000000000000000e+00 	 0.0000000000000000e+00 	 -5.3767076510850344e+09 	 1.3798645003429102e+10 	 -5.3417216848785293e+08 	 0.0000000000000000e+00
	 0.0000000000000000e+00 	 0.0000000000000000e+00 	 -1.3510394128890124e+08 	 -5.3417216848776102e+08 	 4.1148604118543329e+09 	 0.0000000000000000e+00
	 2.3547726998233443e+08 	 5.9301424346956700e+07 	 0.0000000000000000e+00 	 0.0000000000000000e+00 	 0.0000000000000000e+00 	 8.1064311557485032e+08

	 4.5399168696956292e+02 	 0.0000000000000000e+00 	 0.0000000000000000e+00 	 0.0000000000000000e+00 	 0.0000000000000000e+00 	 5.8801158093347468e+01
	 0.0000000000000000e+00 	 4.5399168696956292e+02 	 0.0000000000000000e+00 	 0.0000000000000000e+00 	 0.0000000000000000e+00 	 1.3181779507399552e+01
	 0.0000000000000000e+00 	 0.0000000000000000e+00 	 4.5399168696956292e+02 	 -5.8801158093347468e+01 	 -1.3181779507399552e+01 	 0.0000000000000000e+00
	 0.0000000000000000e+00 	 0.0000000000000000e+00 	 -5.8801158093347468e+01 	 7.1893514692490874e+02 	 -1.8641781044568436e+01 	 0.0000000000000000e+00
	 0.0000000000000000e+00 	 0.0000000000000000e+00 	 -1.3181779507399552e+01 	 -1.8641781044568436e+01 	 9.2025355617192062e+01 	 0.0000000000000000e+00
	 5.8801158093347468e+01 	 1.3181779507399552e+01 	 0.0000000000000000e+00 	 0.0000000000000000e+00 	 0.0000000000000000e+00 	 8.1096050254209831e+02

	 0.275862 
	 2.3920608456798244e+08 	 2.1961357630496200e+07 	 0.0000000000000000e+00 	 0.0000000000000000e+00 	 0.0000000000000000e+00 	 1.9102403067802534e+08
	 2.1961357630483612e+07 	 7.7324055177758443e+08 	 0.0000000000000000e+00 	 0.0000000000000000e+00 	 0.0000000000000000e+00 	 5.7416969209059663e+07
	 0.0000000000000000e+00 	 0.0000000000000000e+00 	 1.3506530806809052e+10 	 -5.4894979070475559e+09 	 -3.1295385160938370e+08 	 0.0000000000000000e+00
	 0.0000000000000000e+00 	 0.0000000000000000e+00 	 -5.4894979070476360e+09 	 1.2972534594859190e+10 	 -2.6726809382228923e+08 	 0.0000000000000000e+00
	 0.0000000000000000e+00 	 0.0000000000000000e+00 	 -3.1295385160940081e+08 	 -2.6726809382236120e+08 	 3.7120221316863866e+09 	 0.0000000000000000e+00
	 1.9102403067801839e+08 	 5.7416969209038600e+07 	 0.0000000000000000e+00 	 0.0000000000000000e+00 	 0.0000000000000000e+00 	 6.0995180508623481e+08

	 4.2409486353621600e+02 	 0.0000000000000000e+00 	 0.0000000000000000e+00 	 0.0000000000000000e+00 	 0.0000000000000000e+00 	 4.6941352454180105e+01
	 0.0000000000000000e+00 	 4.2409486353621600e+02 	 0.0000000000000000e+00 	 0.0000000000000000e+00 	 0.0000000000000000e+00 	 1.6013708975271552e+01
	 0.0000000000000000e+00 	 0.0000000000000000e+00 	 4.2409486353621600e+02 	 -4.6941352454180105e+01 	 -1.6013708975271552e+01 	 0.0000000000000000e+00
	 0.0000000000000000e+00 	 0.0000000000000000e+00 	 -4.6941352454180105e+01 	 6.5774689001192542e+02 	 -1.4042455528149222e+01 	 0.0000000000000000e+00
	 0.0000000000000000e+00 	 0.0000000000000000e+00 	 -1.6013708975271552e+01 	 -1.4042455528149222e+01 	 7.5495358845367619e+01 	 0.0000000000000000e+00
	 4.6941352454180105e+01 	 1.6013708975271552e+01 	 0.0000000000000000e+00 	 0.0000000000000000e+00 	 0.0000000000000000e+00 	 7.3324224885729780e+02

	 0.310345 
	 2.0963587587313527e+08 	 1.6771124646713542e+07 	 0.0000000000000000e+00 	 0.0000000000000000e+00 	 0.0000000000000000e+00 	 1.5884497562896168e+08
	 1.6771124646750055e+07 	 6.9651169822517478e+08 	 0.0000000000000000e+00 	 0.0000000000000000e+00 	 0.0000000000000000e+00 	 5.7912411508519515e+07
	 0.0000000000000000e+00 	 0.0000000000000000e+00 	 1.3948701706328104e+10 	 -5.3912818717310572e+09 	 -4.6415968394793791e+08 	 0.0000000000000000e+00
	 0.0000000000000000e+00 	 0.0000000000000000e+00 	 -5.3912818717311745e+09 	 1.2366043741848684e+10 	 -1.1508025661499490e+08 	 0.0000000000000000e+00
	 0.0000000000000000e+00 	 0.0000000000000000e+00 	 -4.6415968394800943e+08 	 -1.1508025661499849e+08 	 3.3725495273505254e+09 	 0.0000000000000000e+00
	 1.5884497562896785e+08 	 5.7912411508495577e+07 	 0.0000000000000000e+00 	 0.0000000000000000e+00 	 0.0000000000000000e+00 	 4.8295265273604977e+08

	 4.0693805341062455e+02 	 0.0000000000000000e+00 	 0.0000000000000000e+00 	 0.0000000000000000e+00 	 0.0000000000000000e+00 	 3.7114522171499303e+01
	 0.0000000000000000e+00 	 4.0693805341062455e+02 	 0.0000000000000000e+00 	 0.0000000000000000e+00 	 0.0000000000000000e+00 	 1.7982379368099171e+01
	 0.0000000000000000e+00 	 0.0000000000000000e+00 	 4.0693805341062455e+02 	 -3.7114522171499303e+01 	 -1.7982379368099171e+01 	 0.0000000000000000e+00
	 0.0000000000000000e+00 	 0.0000000000000000e+00 	 -3.7114522171499303e+01 	 6.1742806934819328e+02 	 -1.1494576800816670e+01 	 0.0000000000000000e+00
	 0.0000000000000000e+00 	 0.0000000000000000e+00 	 -1.7982379368099171e+01 	 -1.1494576800816670e+01 	 6.4109146850804805e+01 	 0.0000000000000000e+00
	 3.7114522171499303e+01 	 1.7982379368099171e+01 	 0.0000000000000000e+00 	 0.0000000000000000e+00 	 0.0000000000000000e+00 	 6.8153721619899375e+02

	 0.344828 
	 1.9655145606773338e+08 	 1.4849697274664065e+07 	 0.0000000000000000e+00 	 0.0000000000000000e+00 	 0.0000000000000000e+00 	 1.4414600562452635e+08
	 1.4849697274763228e+07 	 6.6523534855737936e+08 	 0.0000000000000000e+00 	 0.0000000000000000e+00 	 0.0000000000000000e+00 	 5.5550994690559618e+07
	 0.0000000000000000e+00 	 0.0000000000000000e+00 	 1.4441112452883499e+10 	 -5.4197873301607695e+09 	 -5.1471272842727894e+08 	 0.0000000000000000e+00
	 0.0000000000000000e+00 	 0.0000000000000000e+00 	 -5.4197873301605644e+09 	 1.1747337402414503e+10 	 -7.4972216075104922e+07 	 0.0000000000000000e+00
	 0.0000000000000000e+00 	 0.0000000000000000e+00 	 -5.1471272842739880e+08 	 -7.4972216075179413e+07 	 3.3280282181560082e+09 	 0.0000000000000000e+00
	 1.4414600562451881e+08 	 5.5550994690577045e+07 	 0.0000000000000000e+00 	 0.0000000000000000e+00 	 0.0000000000000000e+00 	 4.3327656535326719e+08

	 4.0003139740137527e+02 	 0.0000000000000000e+00 	 0.0000000000000000e+00 	 0.0000000000000000e+00 	 0.0000000000000000e+00 	 3.4735646900756983e+01
	 0.0000000000000000e+00 	 4.0003139740137527e+02 	 0.0000000000000000e+00 	 0.0000000000000000e+00 	 0.0000000000000000e+00 	 1.7901641426621392e+01
	 0.0000000000000000e+00 	 0.0000000000000000e+00 	 4.0003139740137527e+02 	 -3.4735646900756983e+01 	 -1.7901641426621392e+01 	 0.0000000000000000e+00
	 0.0000000000000000e+00 	 0.0000000000000000e+00 	 -3.4735646900756983e+01 	 5.7742386949660715e+02 	 -1.0421812882619367e+01 	 0.0000000000000000e+00
	 0.0000000000000000e+00 	 0.0000000000000000e+00 	 -1.7901641426621392e+01 	 -1.0421812882619367e+01 	 6.0602834361605183e+01 	 0.0000000000000000e+00
	 3.4735646900756983e+01 	 1.7901641426621392e+01 	 0.0000000000000000e+00 	 0.0000000000000000e+00 	 0.0000000000000000e+00 	 6.3802670385821386e+02

	 0.379310 
	 1.8098610101450348e+08 	 1.3101237752898237e+07 	 0.0000000000000000e+00 	 0.0000000000000000e+00 	 0.0000000000000000e+00 	 1.2811886330896686e+08
	 1.3101237752838247e+07 	 6.3439589061605191e+08 	 0.0000000000000000e+00 	 0.0000000000000000e+00 	 0.0000000000000000e+00 	 5.1949453866378449e+07
	 0.0000000000000000e+00 	 0.0000000000000000e+00 	 1.4751584899171492e+10 	 -5.2971567231548519e+09 	 -5.3905695100294590e+08 	 0.0000000000000000e+00
	 0.0000000000000000e+00 	 0.0000000000000000e+00 	 -5.2971567231549044e+09 	 1.0876502423183550e+10 	 -4.8688426041545324e+07 	 0.0000000000000000e+00
	 0.0000000000000000e+00 	 0.0000000000000000e+00 	 -5.3905695100278771e+08 	 -4.8688426041568242e+07 	 3.1539782532645679e+09 	 0.0000000000000000e+00
	 1.2811886330898447e+08 	 5.1949453866419919e+07 	 0.0000000000000000e+00 	 0.0000000000000000e+00 	 0.0000000000000000e+00 	 3.7782722402332580e+08

	 3.8834964829689818e+02 	 0.0000000000000000e+00 	 0.0000000000000000e+00 	 0.0000000000000000e+00 	 0.0000000000000000e+00 	 2.8232292912394431e+01
	 0.0000000000000000e+00 	 3.8834964829689818e+02 	 0.0000000000000000e+00 	 0.0000000000000000e+00 	 0.0000000000000000e+00 	 1.7304767232325094e+01
	 0.0000000000000000e+00 	 0.0000000000000000e+00 	 3.8834964829689818e+02 	 -2.8232292912394431e+01 	 -1.7304767232325094e+01 	 0.0000000000000000e+00
	 0.0000000000000000e+00 	 0.0000000000000000e+00 	 -2.8232292912394431e+01 	 5.2205270341270455e+02 	 -9.3216243012353530e+00 	 0.0000000000000000e+00
	 0.0000000000000000e+00 	 0.0000000000000000e+00 	 -1.7304767232325094e+01 	 -9.3216243012353530e+00 	 5.5173443913074138e+01 	 0.0000000000000000e+00
	 2.8232292912394431e+01 	 1.7304767232325094e+01 	 0.0000000000000000e+00 	 0.0000000000000000e+00 	 0.0000000000000000e+00 	 5.7722614732578006e+02

	 0.413793 
	 1.6385032533300030e+08 	 1.1246853881764637e+07 	 0.0000000000000000e+00 	 0.0000000000000000e+00 	 0.0000000000000000e+00 	 1.1097119081967406e+08
	 1.1246853881783951e+07 	 5.9748193724197853e+08 	 0.0000000000000000e+00 	 0.0000000000000000e+00 	 0.0000000000000000e+00 	 4.6913419456092142e+07
	 0.0000000000000000e+00 	 0.0000000000000000e+00 	 1.4815289042239061e+10 	 -5.0291459638315010e+09 	 -5.3367789809669870e+08 	 0.0000000000000000e+00
	 0.0000000000000000e+00 	 0.0000000000000000e+00 	 -5.0291459638314285e+09 	 9.8069225638703823e+09 	 -3.2430668318622962e+07 	 0.0000000000000000e+00
	 0.0000000000000000e+00 	 0.0000000000000000e+00 	 -5.3367789809672564e+08 	 -3.2430668318732165e+07 	 2.8833208089586930e+09 	 0.0000000000000000e+00
	 1.1097119081969599e+08 	 4.6913419456143960e+07 	 0.0000000000000000e+00 	 0.0000000000000000e+00 	 0.0000000000000000e+00 	 3.1860207901456183e+08

	 3.7076647060112526e+02 	 0.0000000000000000e+00 	 0.0000000000000000e+00 	 0.0000000000000000e+00 	 0.0000000000000000e+00 	 1.8378915370119618e+01
	 0.0000000000000000e+00 	 3.7076647060112526e+02 	 0.0000000000000000e+00 	 0.0000000000000000e+00 	 0.0000000000000000e+00 	 1.6202408580905228e+01
	 0.0000000000000000e+00 	 0.0000000000000000e+00 	 3.7076647060112526e+02 	 -1.8378915370119618e+01 	 -1.6202408580905228e+01 	 0.0000000000000000e+00
	 0.0000000000000000e+00 	 0.0000000000000000e+00 	 -1.8378915370119618e+01 	 4.5703773197347209e+02 	 -8.2425316550878520e+00 	 0.0000000000000000e+00
	 0.0000000000000000e+00 	 0.0000000000000000e+00 	 -1.6202408580905228e+01 	 -8.2425316550878520e+00 	 4.8503191572339681e+01 	 0.0000000000000000e+00
	 1.8378915370119618e+01 	 1.6202408580905228e+01 	 0.0000000000000000e+00 	 0.0000000000000000e+00 	 0.0000000000000000e+00 	 5.0554092354581309e+02

	 0.448276 
	 1.4243724270787567e+08 	 9.0863222267693765e+06 	 0.0000000000000000e+00 	 0.0000000000000000e+00 	 0.0000000000000000e+00 	 9.1445448165492550e+07
	 9.0863222267117202e+06 	 5.4587993383881664e+08 	 0.0000000000000000e+00 	 0.0000000000000000e+00 	 0.0000000000000000e+00 	 3.9632571028007939e+07
	 0.0000000000000000e+00 	 0.0000000000000000e+00 	 1.4514532849337496e+10 	 -4.7338866953967791e+09 	 -4.8886023940195513e+08 	 0.0000000000000000e+00
	 0.0000000000000000e+00 	 0.0000000000000000e+00 	 -4.7338866953966303e+09 	 8.2622212037868776e+09 	 -1.2927320597260319e+07 	 0.0000000000000000e+00
	 0.0000000000000000e+00 	 0.0000000000000000e+00 	 -4.8886023940189707e+08 	 -1.2927320597271133e+07 	 2.4353989498757768e+09 	 0.0000000000000000e+00
	 9.1445448165509030e+07 	 3.9632571028051004e+07 	 0.0000000000000000e+00 	 0.0000000000000000e+00 	 0.0000000000000000e+00 	 2.4770186741372818e+08

	 3.4155792797540386e+02 	 0.0000000000000000e+00 	 0.0000000000000000e+00 	 0.0000000000000000e+00 	 0.0000000000000000e+00 	 1.5228458525384795e+01
	 0.0000000000000000e+00 	 3.4155792797540386e+02 	 0.0000000000000000e+00 	 0.0000000000000000e+00 	 0.0000000000000000e+00 	 1.4121734795395938e+01
	 0.0000000000000000e+00 	 0.0000000000000000e+00 	 3.4155792797540386e+02 	 -1.5228458525384795e+01 	 -1.4121734795395938e+01 	 0.0000000000000000e+00
	 0.0000000000000000e+00 	 0.0000000000000000e+00 	 -1.5228458525384795e+01 	 3.6536080226952640e+02 	 -6.4440531713971101e+00 	 0.0000000000000000e+00
	 0.0000000000000000e+00 	 0.0000000000000000e+00 	 -1.4121734795395938e+01 	 -6.4440531713971101e+00 	 3.9143606999362603e+01 	 0.0000000000000000e+00
	 1.5228458525384795e+01 	 1.4121734795395938e+01 	 0.0000000000000000e+00 	 0.0000000000000000e+00 	 0.0000000000000000e+00 	 4.0450440926888928e+02

	 0.482759 
	 1.2322114225119273e+08 	 6.8188337479735510e+06 	 0.0000000000000000e+00 	 0.0000000000000000e+00 	 0.0000000000000000e+00 	 7.4245169335448593e+07
	 6.8188337479936518e+06 	 4.9262419985347623e+08 	 0.0000000000000000e+00 	 0.0000000000000000e+00 	 0.0000000000000000e+00 	 3.2731233985852133e+07
	 0.0000000000000000e+00 	 0.0000000000000000e+00 	 1.3879339352460958e+10 	 -4.2864045515473981e+09 	 -4.1687868628395534e+08 	 0.0000000000000000e+00
	 0.0000000000000000e+00 	 0.0000000000000000e+00 	 -4.2864045515474663e+09 	 6.8619323252895336e+09 	 -5.8438645097281355e+06 	 0.0000000000000000e+00
	 0.0000000000000000e+00 	 0.0000000000000000e+00 	 -4.1687868628388584e+08 	 -5.8438645096652238e+06 	 2.0300493860818822e+09 	 0.0000000000000000e+00
	 7.4245169335473433e+07 	 3.2731233985852543e+07 	 0.0000000000000000e+00 	 0.0000000000000000e+00 	 0.0000000000000000e+00 	 1.8969717530785137e+08

	 3.0965445936632273e+02 	 0.0000000000000000e+00 	 0.0000000000000000e+00 	 0.0000000000000000e+00 	 0.0000000000000000e+00 	 7.4874459926836154e+00
	 0.0000000000000000e+00 	 3.0965445936632273e+02 	 0.0000000000000000e+00 	 0.0000000000000000e+00 	 0.0000000000000000e+00 	 1.1978586734195746e+01
	 0.0000000000000000e+00 	 0.0000000000000000e+00 	 3.0965445936632273e+02 	 -7.4874459926836154e+00 	 -1.1978586734195746e+01 	 0.0000000000000000e+00
	 0.0000000000000000e+00 	 0.0000000000000000e+00 	 -7.4874459926836154e+00 	 2.9154654731399762e+02 	 -5.2095879238179785e+00 	 0.0000000000000000e+00
	 0.0000000000000000e+00 	 0.0000000000000000e+00 	 -1.1978586734195746e+01 	 -5.2095879238179785e+00 	 3.1385208290921156e+01 	 0.0000000000000000e+00
	 7.4874459926836154e+00 	 1.1978586734195746e+01 	 0.0000000000000000e+00 	 0.0000000000000000e+00 	 0.0000000000000000e+00 	 3.2293175560491960e+02

	 0.517241 
	 1.0551097828120799e+08 	 4.8367371514150742e+06 	 0.0000000000000000e+00 	 0.0000000000000000e+00 	 0.0000000000000000e+00 	 5.9251764178321771e+07
	 4.8367371514725992e+06 	 4.3793029227438372e+08 	 0.0000000000000000e+00 	 0.0000000000000000e+00 	 0.0000000000000000e+00 	 2.6402805728597123e+07
	 0.0000000000000000e+00 	 0.0000000000000000e+00 	 1.2967192846075592e+10 	 -3.7435314663666754e+09 	 -3.4367945275925153e+08 	 0.0000000000000000e+00
	 0.0000000000000000e+00 	 0.0000000000000000e+00 	 -3.7435314663667369e+09 	 5.5826725214914169e+09 	 -1.3583593150351900e+06 	 0.0000000000000000e+00
	 0.0000000000000000e+00 	 0.0000000000000000e+00 	 -3.4367945275923437e+08 	 -1.3583593150549561e+06 	 1.6375001922518606e+09 	 0.0000000000000000e+00
	 5.9251764178311341e+07 	 2.6402805728556029e+07 	 0.0000000000000000e+00 	 0.0000000000000000e+00 	 0.0000000000000000e+00 	 1.4190182053905573e+08

	 2.7588036770518920e+02 	 0.0000000000000000e+00 	 0.0000000000000000e+00 	 0.0000000000000000e+00 	 0.0000000000000000e+00 	 1.0368105598240240e-01
	 0.0000000000000000e+00 	 2.7588036770518920e+02 	 0.0000000000000000e+00 	 0.0000000000000000e+00 	 0.0000000000000000e+00 	 9.9378245608903786e+00
	 0.0000000000000000e+00 	 0.0000000000000000e+00 	 2.7588036770518920e+02 	 -1.0368105598240240e-01 	 -9.9378245608903786e+00 	 0.0000000000000000e+00
	 0.0000000000000000e+00 	 0.0000000000000000e+00 	 -1.0368105598240240e-01 	 2.2909695694161192e+02 	 -4.1757734315332078e+00 	 0.0000000000000000e+00
	 0.0000000000000000e+00 	 0.0000000000000000e+00 	 -9.9378245608903786e+00 	 -4.1757734315332078e+00 	 2.4503394834007640e+01 	 0.0000000000000000e+00
	 1.0368105598240240e-01 	 9.9378245608903786e+00 	 0.0000000000000000e+00 	 0.0000000000000000e+00 	 0.0000000000000000e+00 	 2.5360035177561912e+02

	 0.551724 
	 8.9633243933259115e+07 	 3.2381026157115600e+06 	 0.0000000000000000e+00 	 0.0000000000000000e+00 	 0.0000000000000000e+00 	 4.6725685018195182e+07
	 3.2381026157202832e+06 	 3.8543251782295978e+08 	 0.0000000000000000e+00 	 0.0000000000000000e+00 	 0.0000000000000000e+00 	 2.1006826230874125e+07
	 0.0000000000000000e+00 	 0.0000000000000000e+00 	 1.1870833410821430e+10 	 -3.1762999144221697e+09 	 -2.7499956130497891e+08 	 0.0000000000000000e+00
	 0.0000000000000000e+00 	 0.0000000000000000e+00 	 -3.1762999144220271e+09 	 4.4510662027400379e+09 	 1.1841263991668178e+06 	 0.0000000000000000e+00
	 0.0000000000000000e+00 	 0.0000000000000000e+00 	 -2.7499956130492234e+08 	 1.1841263992059003e+06 	 1.2778990669526772e+09 	 0.0000000000000000e+00
	 4.6725685018195443e+07 	 2.1006826230887778e+07 	 0.0000000000000000e+00 	 0.0000000000000000e+00 	 0.0000000000000000e+00 	 1.0414108317572483e+08

	 2.4206584776499045e+02 	 0.0000000000000000e+00 	 0.0000000000000000e+00 	 0.0000000000000000e+00 	 0.0000000000000000e+00 	 -4.9593963231166676e+00
	 0.0000000000000000e+00 	 2.4206584776499045e+02 	 0.0000000000000000e+00 	 0.0000000000000000e+00 	 0.0000000000000000e+00 	 8.0649057410135025e+00
	 0.0000000000000000e+00 	 0.0000000000000000e+00 	 2.4206584776499045e+02 	 4.9593963231166676e+00 	 -8.0649057410135025e+00 	 0.0000000000000000e+00
	 0.0000000000000000e+00 	 0.0000000000000000e+00 	 4.9593963231166676e+00 	 1.7711048377965776e+02 	 -3.2786576180473359e+00 	 0.0000000000000000e+00
	 0.0000000000000000e+00 	 0.0000000000000000e+00 	 -8.0649057410135025e+00 	 -3.2786576180473359e+00 	 1.8617655802106832e+01 	 0.0000000000000000e+00
	 -4.9593963231166676e+00 	 8.0649057410135025e+00 	 0.0000000000000000e+00 	 0.0000000000000000e+00 	 0.0000000000000000e+00 	 1.9572813958176448e+02

	 0.586207 
	 7.5534132825065359e+07 	 2.0256059761881588e+06 	 0.0000000000000000e+00 	 0.0000000000000000e+00 	 0.0000000000000000e+00 	 3.6608708555401608e+07
	 2.0256059762129043e+06 	 3.3398562873027301e+08 	 0.0000000000000000e+00 	 0.0000000000000000e+00 	 0.0000000000000000e+00 	 1.6544125816235319e+07
	 0.0000000000000000e+00 	 0.0000000000000000e+00 	 1.0495684043911324e+10 	 -2.6154841963895478e+09 	 -2.1012671071631154e+08 	 0.0000000000000000e+00
	 0.0000000000000000e+00 	 0.0000000000000000e+00 	 -2.6154841963895707e+09 	 3.3579604555384188e+09 	 3.2387219936991963e+06 	 0.0000000000000000e+00
	 0.0000000000000000e+00 	 0.0000000000000000e+00 	 -2.1012671071631888e+08 	 3.2387219937331663e+06 	 9.5683358981598663e+08 	 0.0000000000000000e+00
	 3.6608708555400565e+07 	 1.6544125816236377e+07 	 0.0000000000000000e+00 	 0.0000000000000000e+00 	 0.0000000000000000e+00 	 7.5154370165438205e+07

	 2.0502296930579871e+02 	 0.0000000000000000e+00 	 0.0000000000000000e+00 	 0.0000000000000000e+00 	 0.0000000000000000e+00 	 -4.3724266509377143e+00
	 0.0000000000000000e+00 	 2.0502296930579871e+02 	 0.0000000000000000e+00 	 0.0000000000000000e+00 	 0.0000000000000000e+00 	 6.2062996137316606e+00
	 0.0000000000000000e+00 	 0.0000000000000000e+00 	 2.0502296930579871e+02 	 4.3724266509377143e+00 	 -6.2062996137316606e+00 	 0.0000000000000000e+00
	 0.0000000000000000e+00 	 0.0000000000000000e+00 	 4.3724266509377143e+00 	 1.3021895815240987e+02 	 -2.3317318570960950e+00 	 0.0000000000000000e+00
	 0.0000000000000000e+00 	 0.0000000000000000e+00 	 -6.2062996137316606e+00 	 -2.3317318570960950e+00 	 1.3638019487262461e+01 	 0.0000000000000000e+00
	 -4.3724266509377143e+00 	 6.2062996137316606e+00 	 0.0000000000000000e+00 	 0.0000000000000000e+00 	 0.0000000000000000e+00 	 1.4385697763967192e+02

	 0.620690 
	 6.3814763734219730e+07 	 1.3108406604891936e+06 	 0.0000000000000000e+00 	 0.0000000000000000e+00 	 0.0000000000000000e+00 	 2.6956153520824596e+07
	 1.3108406605045914e+06 	 2.7676638740017289e+08 	 0.0000000000000000e+00 	 0.0000000000000000e+00 	 0.0000000000000000e+00 	 1.2567145788826330e+07
	 0.0000000000000000e+00 	 0.0000000000000000e+00 	 8.8350982852499313e+09 	 -2.0079079593871136e+09 	 -1.5522464695264682e+08 	 0.0000000000000000e+00
	 0.0000000000000000e+00 	 0.0000000000000000e+00 	 -2.0079079593870850e+09 	 2.3966250555123577e+09 	 2.5426157840853534e+06 	 0.0000000000000000e+00
	 0.0000000000000000e+00 	 0.0000000000000000e+00 	 -1.5522464695262733e+08 	 2.5426157840950950e+06 	 6.7956939888768697e+08 	 0.0000000000000000e+00
	 2.6956153520834260e+07 	 1.2567145788820118e+07 	 0.0000000000000000e+00 	 0.0000000000000000e+00 	 0.0000000000000000e+00 	 5.2158147883250095e+07

	 1.6995823901360927e+02 	 0.0000000000000000e+00 	 0.0000000000000000e+00 	 0.0000000000000000e+00 	 0.0000000000000000e+00 	 -3.4058211226699373e+00
	 0.0000000000000000e+00 	 1.6995823901360927e+02 	 0.0000000000000000e+00 	 0.0000000000000000e+00 	 0.0000000000000000e+00 	 4.6776532597234333e+00
	 0.0000000000000000e+00 	 0.0000000000000000e+00 	 1.6995823901360927e+02 	 3.4058211226699373e+00 	 -4.6776532597234333e+00 	 0.0000000000000000e+00
	 0.0000000000000000e+00 	 0.0000000000000000e+00 	 3.4058211226699373e+00 	 9.2134147975296102e+01 	 -1.6096972714917295e+00 	 0.0000000000000000e+00
	 0.0000000000000000e+00 	 0.0000000000000000e+00 	 -4.6776532597234333e+00 	 -1.6096972714917295e+00 	 9.6194131752671250e+00 	 0.0000000000000000e+00
	 -3.4058211226699373e+00 	 4.6776532597234333e+00 	 0.0000000000000000e+00 	 0.0000000000000000e+00 	 0.0000000000000000e+00 	 1.0175356115056252e+02

	 0.655172 
	 5.4154813101616628e+07 	 8.3119979302542249e+05 	 0.0000000000000000e+00 	 0.0000000000000000e+00 	 0.0000000000000000e+00 	 1.9954991576994978e+07
	 8.3119979301431926e+05 	 2.3094358295034358e+08 	 0.0000000000000000e+00 	 0.0000000000000000e+00 	 0.0000000000000000e+00 	 9.5899299071242549e+06
	 0.0000000000000000e+00 	 0.0000000000000000e+00 	 7.3411056264226685e+09 	 -1.5006620148333972e+09 	 -1.1776947772329360e+08 	 0.0000000000000000e+00
	 0.0000000000000000e+00 	 0.0000000000000000e+00 	 -1.5006620148334072e+09 	 1.6742894772408316e+09 	 3.0540330376272942e+06 	 0.0000000000000000e+00
	 0.0000000000000000e+00 	 0.0000000000000000e+00 	 -1.1776947772327782e+08 	 3.0540330376186101e+06 	 4.7101781006307465e+08 	 0.0000000000000000e+00
	 1.9954991576996814e+07 	 9.5899299071149956e+06 	 0.0000000000000000e+00 	 0.0000000000000000e+00 	 0.0000000000000000e+00 	 3.6167604772528499e+07

	 1.4176801320291497e+02 	 0.0000000000000000e+00 	 0.0000000000000000e+00 	 0.0000000000000000e+00 	 0.0000000000000000e+00 	 -3.9926674614011461e+00
	 0.0000000000000000e+00 	 1.4176801320291497e+02 	 0.0000000000000000e+00 	 0.0000000000000000e+00 	 0.0000000000000000e+00 	 3.6788897136498573e+00
	 0.0000000000000000e+00 	 0.0000000000000000e+00 	 1.4176801320291497e+02 	 3.9926674614011461e+00 	 -3.6788897136498573e+00 	 0.0000000000000000e+00
	 0.0000000000000000e+00 	 0.0000000000000000e+00 	 3.9926674614011461e+00 	 6.5196102033231824e+01 	 -1.1610102335824690e+00 	 0.0000000000000000e+00
	 0.0000000000000000e+00 	 0.0000000000000000e+00 	 -3.6788897136498573e+00 	 -1.1610102335824690e+00 	 6.6852435110490234e+00 	 0.0000000000000000e+00
	 -3.9926674614011461e+00 	 3.6788897136498573e+00 	 0.0000000000000000e+00 	 0.0000000000000000e+00 	 0.0000000000000000e+00 	 7.1881345544281047e+01

	 0.689655 
	 4.6239508912505493e+07 	 5.6560728223230643e+05 	 0.0000000000000000e+00 	 0.0000000000000000e+00 	 0.0000000000000000e+00 	 1.5191443616861826e+07
	 5.6560728223041922e+05 	 1.9099649577795401e+08 	 0.0000000000000000e+00 	 0.0000000000000000e+00 	 0.0000000000000000e+00 	 7.3546833968698531e+06
	 0.0000000000000000e+00 	 0.0000000000000000e+00 	 6.0658010555826359e+09 	 -1.0939325062124391e+09 	 -9.6833158016877756e+07 	 0.0000000000000000e+00
	 0.0000000000000000e+00 	 0.0000000000000000e+00 	 -1.0939325062124488e+09 	 1.1582910459959674e+09 	 4.8150819818517091e+06 	 0.0000000000000000e+00
	 0.0000000000000000e+00 	 0.0000000000000000e+00 	 -9.6833158016891181e+07 	 4.8150819818336209e+06 	 3.2024349165187788e+08 	 0.0000000000000000e+00
	 1.5191443616866164e+07 	 7.3546833968733642e+06 	 0.0000000000000000e+00 	 0.0000000000000000e+00 	 0.0000000000000000e+00 	 2.5378461506560046e+07

	 1.1572101958451483e+02 	 0.0000000000000000e+00 	 0.0000000000000000e+00 	 0.0000000000000000e+00 	 0.0000000000000000e+00 	 -3.0311884923803669e+00
	 0.0000000000000000e+00 	 1.1572101958451483e+02 	 0.0000000000000000e+00 	 0.0000000000000000e+00 	 0.0000000000000000e+00 	 2.8671560356206962e+00
	 0.0000000000000000e+00 	 0.0000000000000000e+00 	 1.1572101958451483e+02 	 3.0311884923803669e+00 	 -2.8671560356206962e+00 	 0.0000000000000000e+00
	 0.0000000000000000e+00 	 0.0000000000000000e+00 	 3.0311884923803669e+00 	 4.4896326217849058e+01 	 -7.5146336439051653e-01 	 0.0000000000000000e+00
	 0.0000000000000000e+00 	 0.0000000000000000e+00 	 -2.8671560356206962e+00 	 -7.5146336439051653e-01 	 4.5361908752794040e+00 	 0.0000000000000000e+00
	 -3.0311884923803669e+00 	 2.8671560356206962e+00 	 0.0000000000000000e+00 	 0.0000000000000000e+00 	 0.0000000000000000e+00 	 4.9432517093128489e+01

	 0.724138 
	 3.9716827910747491e+07 	 3.1979162640713790e+05 	 0.0000000000000000e+00 	 0.0000000000000000e+00 	 0.0000000000000000e+00 	 1.1390684043877535e+07
	 3.1979162640655669e+05 	 1.5958797794032118e+08 	 0.0000000000000000e+00 	 0.0000000000000000e+00 	 0.0000000000000000e+00 	 5.6867207721178550e+06
	 0.0000000000000000e+00 	 0.0000000000000000e+00 	 5.0004131888058119e+09 	 -7.8154878048751724e+08 	 -8.0617151415890321e+07 	 0.0000000000000000e+00
	 0.0000000000000000e+00 	 0.0000000000000000e+00 	 -7.8154878048753619e+08 	 7.8872392772076821e+08 	 5.3200705073051192e+06 	 0.0000000000000000e+00
	 0.0000000000000000e+00 	 0.0000000000000000e+00 	 -8.0617151415874287e+07 	 5.3200705073053623e+06 	 2.1326448960222524e+08 	 0.0000000000000000e+00
	 1.1390684043875583e+07 	 5.6867207721229475e+06 	 0.0000000000000000e+00 	 0.0000000000000000e+00 	 0.0000000000000000e+00 	 1.7550045333220460e+07

	 9.5828685084498233e+01 	 0.0000000000000000e+00 	 0.0000000000000000e+00 	 0.0000000000000000e+00 	 0.0000000000000000e+00 	 -3.2400905461959830e+00
	 0.0000000000000000e+00 	 9.5828685084498233e+01 	 0.0000000000000000e+00 	 0.0000000000000000e+00 	 0.0000000000000000e+00 	 2.2425283142970391e+00
	 0.0000000000000000e+00 	 0.0000000000000000e+00 	 9.5828685084498233e+01 	 3.2400905461959830e+00 	 -2.2425283142970391e+00 	 0.0000000000000000e+00
	 0.0000000000000000e+00 	 0.0000000000000000e+00 	 3.2400905461959830e+00 	 3.1022855100011586e+01 	 -4.8961986883757658e-01 	 0.0000000000000000e+00
	 0.0000000000000000e+00 	 0.0000000000000000e+00 	 -2.2425283142970391e+00 	 -4.8961986883757658e-01 	 3.0324873241043293e+00 	 0.0000000000000000e+00
	 -3.2400905461959830e+00 	 2.2425283142970391e+00 	 0.0000000000000000e+00 	 0.0000000000000000e+00 	 0.0000000000000000e+00 	 3.4055342424115885e+01

	 0.758621 
	 3.3885924768107265e+07 	 2.6043047615554134e+05 	 0.0000000000000000e+00 	 0.0000000000000000e+00 	 0.0000000000000000e+00 	 8.2066546941648442e+06
	 2.6043047617950841e+05 	 1.3404651040224366e+08 	 0.0000000000000000e+00 	 0.0000000000000000e+00 	 0.0000000000000000e+00 	 4.7734495680357413e+06
	 0.0000000000000000e+00 	 0.0000000000000000e+00 	 4.1138444591739717e+09 	 -5.3793528173474860e+08 	 -7.4755394957711667e+07 	 0.0000000000000000e+00
	 0.0000000000000000e+00 	 0.0000000000000000e+00 	 -5.3793528173475194e+08 	 5.3085844798700911e+08 	 5.7660041263276106e+06 	 0.0000000000000000e+00
	 0.0000000000000000e+00 	 0.0000000000000000e+00 	 -7.4755394957705244e+07 	 5.7660041263250802e+06 	 1.3750734402808607e+08 	 0.0000000000000000e+00
	 8.2066546941649588e+06 	 4.7734495680398559e+06 	 0.0000000000000000e+00 	 0.0000000000000000e+00 	 0.0000000000000000e+00 	 1.1892175952798486e+07

	 7.9798823469978174e+01 	 0.0000000000000000e+00 	 0.0000000000000000e+00 	 0.0000000000000000e+00 	 0.0000000000000000e+00 	 -3.7426291146285124e+00
	 0.0000000000000000e+00 	 7.9798823469978174e+01 	 0.0000000000000000e+00 	 0.0000000000000000e+00 	 0.0000000000000000e+00 	 1.9374049155728845e+00
	 0.0000000000000000e+00 	 0.0000000000000000e+00 	 7.9798823469978174e+01 	 3.7426291146285124e+00 	 -1.9374049155728845e+00 	 0.0000000000000000e+00
	 0.0000000000000000e+00 	 0.0000000000000000e+00 	 3.7426291146285124e+00 	 2.1415705595970032e+01 	 -3.4286730085253520e-01 	 0.0000000000000000e+00
	 0.0000000000000000e+00 	 0.0000000000000000e+00 	 -1.9374049155728845e+00 	 -3.4286730085253520e-01 	 1.9786065168095122e+00 	 0.0000000000000000e+00
	 -3.7426291146285124e+00 	 1.9374049155728845e+00 	 0.0000000000000000e+00 	 0.0000000000000000e+00 	 0.0000000000000000e+00 	 2.3394312112779538e+01

	 0.793103 
	 2.8542485191753019e+07 	 3.0362538666825078e+05 	 0.0000000000000000e+00 	 0.0000000000000000e+00 	 0.0000000000000000e+00 	 5.6250102537119891e+06
	 3.0362538665859809e+05 	 1.1335345524834248e+08 	 0.0000000000000000e+00 	 0.0000000000000000e+00 	 0.0000000000000000e+00 	 4.1144413101509539e+06
	 0.0000000000000000e+00 	 0.0000000000000000e+00 	 3.3677361023118315e+09 	 -3.5305425785128140e+08 	 -6.9243597795334265e+07 	 0.0000000000000000e+00
	 0.0000000000000000e+00 	 0.0000000000000000e+00 	 -3.5305425785128891e+08 	 3.4909836223980576e+08 	 5.0683441879821606e+06 	 0.0000000000000000e+00
	 0.0000000000000000e+00 	 0.0000000000000000e+00 	 -6.9243597795327634e+07 	 5.0683441879807897e+06 	 8.5577440181427523e+07 	 0.0000000000000000e+00
	 5.6250102537117312e+06 	 4.1144413101519383e+06 	 0.0000000000000000e+00 	 0.0000000000000000e+00 	 0.0000000000000000e+00 	 7.8631193816780588e+06

	 6.6248940859447572e+01 	 0.0000000000000000e+00 	 0.0000000000000000e+00 	 0.0000000000000000e+00 	 0.0000000000000000e+00 	 -3.9137744623176998e+00
	 0.0000000000000000e+00 	 6.6248940859447572e+01 	 0.0000000000000000e+00 	 0.0000000000000000e+00 	 0.0000000000000000e+00 	 1.6822083043774620e+00
	 0.0000000000000000e+00 	 0.0000000000000000e+00 	 6.6248940859447572e+01 	 3.9137744623176998e+00 	 -1.6822083043774620e+00 	 0.0000000000000000e+00
	 0.0000000000000000e+00 	 0.0000000000000000e+00 	 3.9137744623176998e+00 	 1.4473417689459730e+01 	 -2.4370020693841232e-01 	 0.0000000000000000e+00
	 0.0000000000000000e+00 	 0.0000000000000000e+00 	 -1.6822083043774620e+00 	 -2.4370020693841232e-01 	 1.2511895958343804e+00 	 0.0000000000000000e+00
	 -3.9137744623176998e+00 	 1.6822083043774620e+00 	 0.0000000000000000e+00 	 0.0000000000000000e+00 	 0.0000000000000000e+00 	 1.5724607285294130e+01

	 0.827586 
	 2.3675385768004794e+07 	 4.4146035816318885e+05 	 0.0000000000000000e+00 	 0.0000000000000000e+00 	 0.0000000000000000e+00 	 3.6367287520329501e+06
	 4.4146035817599890e+05 	 9.7940671429610685e+07 	 0.0000000000000000e+00 	 0.0000000000000000e+00 	 0.0000000000000000e+00 	 3.5282750522320815e+06
	 0.0000000000000000e+00 	 0.0000000000000000e+00 	 2.7338573824102230e+09 	 -2.1653467768273064e+08 	 -6.0430490964784227e+07 	 0.0000000000000000e+00
	 0.0000000000000000e+00 	 0.0000000000000000e+00 	 -2.1653467768273088e+08 	 2.2291825870812157e+08 	 3.4072839020627011e+06 	 0.0000000000000000e+00
	 0.0000000000000000e+00 	 0.0000000000000000e+00 	 -6.0430490964784339e+07 	 3.4072839020600901e+06 	 5.1038469632111102e+07 	 0.0000000000000000e+00
	 3.6367287520327708e+06 	 3.5282750522349402e+06 	 0.0000000000000000e+00 	 0.0000000000000000e+00 	 0.0000000000000000e+00 	 5.1088377260036422e+06

	 5.4966069769455729e+01 	 0.0000000000000000e+00 	 0.0000000000000000e+00 	 0.0000000000000000e+00 	 0.0000000000000000e+00 	 -3.7917845408429001e+00
	 0.0000000000000000e+00 	 5.4966069769455729e+01 	 0.0000000000000000e+00 	 0.0000000000000000e+00 	 0.0000000000000000e+00 	 1.4108274243741270e+00
	 0.0000000000000000e+00 	 0.0000000000000000e+00 	 5.4966069769455729e+01 	 3.7917845408429001e+00 	 -1.4108274243741270e+00 	 0.0000000000000000e+00
	 0.0000000000000000e+00 	 0.0000000000000000e+00 	 3.7917845408429001e+00 	 9.5280326652826997e+00 	 -1.7747156210314580e-01 	 0.0000000000000000e+00
	 0.0000000000000000e+00 	 0.0000000000000000e+00 	 -1.4108274243741270e+00 	 -1.7747156210314580e-01 	 7.6483936811721587e-01 	 0.0000000000000000e+00
	 -3.7917845408429001e+00 	 1.4108274243741270e+00 	 0.0000000000000000e+00 	 0.0000000000000000e+00 	 0.0000000000000000e+00 	 1.0292872033399929e+01

	 0.862069 
	 1.8933847570271980e+07 	 6.3175651199286396e+05 	 0.0000000000000000e+00 	 0.0000000000000000e+00 	 0.0000000000000000e+00 	 2.0976095914478139e+06
	 6.3175651199607668e+05 	 8.3412100572738513e+07 	 0.0000000000000000e+00 	 0.0000000000000000e+00 	 0.0000000000000000e+00 	 2.9161937131170500e+06
	 0.0000000000000000e+00 	 0.0000000000000000e+00 	 2.1823044657833219e+09 	 -1.1896811914399113e+08 	 -4.9521635506674610e+07 	 0.0000000000000000e+00
	 0.0000000000000000e+00 	 0.0000000000000000e+00 	 -1.1896811914399192e+08 	 1.3487207949776208e+08 	 1.6290553117417286e+06 	 0.0000000000000000e+00
	 0.0000000000000000e+00 	 0.0000000000000000e+00 	 -4.9521635506676294e+07 	 1.6290553117414704e+06 	 2.8840317365416784e+07 	 0.0000000000000000e+00
	 2.0976095914483345e+06 	 2.9161937131153229e+06 	 0.0000000000000000e+00 	 0.0000000000000000e+00 	 0.0000000000000000e+00 	 3.1499154174293038e+06

	 4.4372622225850463e+01 	 0.0000000000000000e+00 	 0.0000000000000000e+00 	 0.0000000000000000e+00 	 0.0000000000000000e+00 	 -3.1901803796411428e+00
	 0.0000000000000000e+00 	 4.4372622225850463e+01 	 0.0000000000000000e+00 	 0.0000000000000000e+00 	 0.0000000000000000e+00 	 1.1018963859184399e+00
	 0.0000000000000000e+00 	 0.0000000000000000e+00 	 4.4372622225850463e+01 	 3.1901803796411428e+00 	 -1.1018963859184399e+00 	 0.0000000000000000e+00
	 0.0000000000000000e+00 	 0.0000000000000000e+00 	 3.1901803796411428e+00 	 5.8515321608989028e+00 	 -1.1999309986415335e-01 	 0.0000000000000000e+00
	 0.0000000000000000e+00 	 0.0000000000000000e+00 	 -1.1018963859184399e+00 	 -1.1999309986415335e-01 	 4.4096294432502853e-01 	 0.0000000000000000e+00
	 -3.1901803796411428e+00 	 1.1018963859184399e+00 	 0.0000000000000000e+00 	 0.0000000000000000e+00 	 0.0000000000000000e+00 	 6.2924951052239448e+00

	 0.896552 
	 1.4205153792541668e+07 	 7.9000718524968822e+05 	 0.0000000000000000e+00 	 0.0000000000000000e+00 	 0.0000000000000000e+00 	 9.8411748309005285e+05
	 7.9000718525394448e+05 	 6.9313122599878758e+07 	 0.0000000000000000e+00 	 0.0000000000000000e+00 	 0.0000000000000000e+00 	 2.2406819364606920e+06
	 0.0000000000000000e+00 	 0.0000000000000000e+00 	 1.6938944459365504e+09 	 -5.1998919135159187e+07 	 -3.7569863643215418e+07 	 0.0000000000000000e+00
	 0.0000000000000000e+00 	 0.0000000000000000e+00 	 -5.1998919135161191e+07 	 7.5917099838250294e+07 	 3.5082639696331311e+05 	 0.0000000000000000e+00
	 0.0000000000000000e+00 	 0.0000000000000000e+00 	 -3.7569863643215805e+07 	 3.5082639696298249e+05 	 1.5046068757979644e+07 	 0.0000000000000000e+00
	 9.8411748308979895e+05 	 2.2406819364604796e+06 	 0.0000000000000000e+00 	 0.0000000000000000e+00 	 0.0000000000000000e+00 	 1.7984938251313837e+06

	 3.4703616204099859e+01 	 0.0000000000000000e+00 	 0.0000000000000000e+00 	 0.0000000000000000e+00 	 0.0000000000000000e+00 	 -2.4677709763114892e+00
	 0.0000000000000000e+00 	 3.4703616204099859e+01 	 0.0000000000000000e+00 	 0.0000000000000000e+00 	 0.0000000000000000e+00 	 8.0581675319962198e-01
	 0.0000000000000000e+00 	 0.0000000000000000e+00 	 3.4703616204099859e+01 	 2.4677709763114892e+00 	 -8.0581675319962198e-01 	 0.0000000000000000e+00
	 0.0000000000000000e+00 	 0.0000000000000000e+00 	 2.4677709763114892e+00 	 3.3069259277731469e+00 	 -7.7432296143016097e-02 	 0.0000000000000000e+00
	 0.0000000000000000e+00 	 0.0000000000000000e+00 	 -8.0581675319962198e-01 	 -7.7432296143016097e-02 	 2.3477606670521345e-01 	 0.0000000000000000e+00
	 -2.4677709763114892e+00 	 8.0581675319962198e-01 	 0.0000000000000000e+00 	 0.0000000000000000e+00 	 0.0000000000000000e+00 	 3.5417019944783670e+00

	 0.931034 
	 1.0069932475700285e+07 	 1.0348601572718630e+06 	 0.0000000000000000e+00 	 0.0000000000000000e+00 	 0.0000000000000000e+00 	 3.3574110916133603e+05
	 1.0348601572703401e+06 	 5.9011419106916018e+07 	 0.0000000000000000e+00 	 0.0000000000000000e+00 	 0.0000000000000000e+00 	 1.6481359200223256e+06
	 0.0000000000000000e+00 	 0.0000000000000000e+00 	 1.4075531856924174e+09 	 -1.5401329882080665e+07 	 -2.8941123540942270e+07 	 0.0000000000000000e+00
	 0.0000000000000000e+00 	 0.0000000000000000e+00 	 -1.5401329882081434e+07 	 4.6400225632611200e+07 	 -4.5768702868906333e+05 	 0.0000000000000000e+00
	 0.0000000000000000e+00 	 0.0000000000000000e+00 	 -2.8941123540942471e+07 	 -4.5768702868908813e+05 	 7.4729704229744365e+06 	 0.0000000000000000e+00
	 3.3574110916122451e+05 	 1.6481359200219931e+06 	 0.0000000000000000e+00 	 0.0000000000000000e+00 	 0.0000000000000000e+00 	 9.4124830454311136e+05

	 2.7340783546289583e+01 	 0.0000000000000000e+00 	 0.0000000000000000e+00 	 0.0000000000000000e+00 	 0.0000000000000000e+00 	 -1.7108439395971828e+00
	 0.0000000000000000e+00 	 2.7340783546289583e+01 	 0.0000000000000000e+00 	 0.0000000000000000e+00 	 0.0000000000000000e+00 	 5.6654180864070713e-01
	 0.0000000000000000e+00 	 0.0000000000000000e+00 	 2.7340783546289583e+01 	 1.7108439395971828e+00 	 -5.6654180864070713e-01 	 0.0000000000000000e+00
	 0.0000000000000000e+00 	 0.0000000000000000e+00 	 1.7108439395971828e+00 	 1.7409019351789319e+00 	 -4.7164225453046778e-02 	 0.0000000000000000e+00
	 0.0000000000000000e+00 	 0.0000000000000000e+00 	 -5.6654180864070713e-01 	 -4.7164225453046778e-02 	 1.1580486756384589e-01 	 0.0000000000000000e+00
	 -1.7108439395971828e+00 	 5.6654180864070713e-01 	 0.0000000000000000e+00 	 0.0000000000000000e+00 	 0.0000000000000000e+00 	 1.8567068027427818e+00

	 0.965517 
	 5.4715969055678705e+06 	 6.0838439350878843e+05 	 0.0000000000000000e+00 	 0.0000000000000000e+00 	 0.0000000000000000e+00 	 4.1801955764844970e+04
	 6.0838439350902010e+05 	 3.9781890258595817e+07 	 0.0000000000000000e+00 	 0.0000000000000000e+00 	 0.0000000000000000e+00 	 9.3805210595358699e+05
	 0.0000000000000000e+00 	 0.0000000000000000e+00 	 8.5997289460517967e+08 	 1.2078145761099659e+07 	 -1.5884940349079832e+07 	 0.0000000000000000e+00
	 0.0000000000000000e+00 	 0.0000000000000000e+00 	 1.2078145761099940e+07 	 1.6854676688530438e+07 	 -4.7065006764743477e+05 	 0.0000000000000000e+00
	 0.0000000000000000e+00 	 0.0000000000000000e+00 	 -1.5884940349080145e+07 	 -4.7065006764747744e+05 	 2.6417163529796833e+06 	 0.0000000000000000e+00
	 4.1801955764841470e+04 	 9.3805210595362238e+05 	 0.0000000000000000e+00 	 0.0000000000000000e+00 	 0.0000000000000000e+00 	 3.8481014886642148e+05

	 1.8035644988843092e+01 	 0.0000000000000000e+00 	 0.0000000000000000e+00 	 0.0000000000000000e+00 	 0.0000000000000000e+00 	 -1.1257530042362578e+00
	 0.0000000000000000e+00 	 1.8035644988843092e+01 	 0.0000000000000000e+00 	 0.0000000000000000e+00 	 0.0000000000000000e+00 	 3.1845344507413731e-01
	 0.0000000000000000e+00 	 0.0000000000000000e+00 	 1.8035644988843092e+01 	 1.1257530042362578e+00 	 -3.1845344507413731e-01 	 0.0000000000000000e+00
	 0.0000000000000000e+00 	 0.0000000000000000e+00 	 1.1257530042362578e+00 	 7.0157329944938063e-01 	 -2.3278978376002221e-02 	 0.0000000000000000e+00
	 0.0000000000000000e+00 	 0.0000000000000000e+00 	 -3.1845344507413731e-01 	 -2.3278978376002221e-02 	 4.3622565275747309e-02 	 0.0000000000000000e+00
	 -1.1257530042362578e+00 	 3.1845344507413731e-01 	 0.0000000000000000e+00 	 0.0000000000000000e+00 	 0.0000000000000000e+00 	 7.4519586472512511e-01

	 1.000000 
	 5.5681295632233098e+05 	 1.8113583265745020e+05 	 0.0000000000000000e+00 	 0.0000000000000000e+00 	 0.0000000000000000e+00 	 3.2635344811183259e+04
	 1.8113583265738675e+05 	 1.5783544029774623e+07 	 0.0000000000000000e+00 	 0.0000000000000000e+00 	 0.0000000000000000e+00 	 2.8930798149865924e+05
	 0.0000000000000000e+00 	 0.0000000000000000e+00 	 4.1498585888212639e+08 	 4.2006572733127335e+06 	 -6.1094474177401410e+06 	 0.0000000000000000e+00
	 0.0000000000000000e+00 	 0.0000000000000000e+00 	 4.2006572733127670e+06 	 3.8743476686411626e+06 	 -1.1346029299168945e+05 	 0.0000000000000000e+00
	 0.0000000000000000e+00 	 0.0000000000000000e+00 	 -6.1094474177402668e+06 	 -1.1346029299168476e+05 	 6.0430824593244563e+05 	 0.0000000000000000e+00
	 3.2635344811176754e+04 	 2.8930798149864713e+05 	 0.0000000000000000e+00 	 0.0000000000000000e+00 	 0.0000000000000000e+00 	 5.3008440296919100e+04

	 7.6966296686093800e+00 	 0.0000000000000000e+00 	 0.0000000000000000e+00 	 0.0000000000000000e+00 	 0.0000000000000000e+00 	 -3.9490474568369310e-01
	 0.0000000000000000e+00 	 7.6966296686093800e+00 	 0.0000000000000000e+00 	 0.0000000000000000e+00 	 0.0000000000000000e+00 	 1.0357457706352548e-01
	 0.0000000000000000e+00 	 0.0000000000000000e+00 	 7.6966296686093800e+00 	 3.9490474568369310e-01 	 -1.0357457706352548e-01 	 0.0000000000000000e+00
	 0.0000000000000000e+00 	 0.0000000000000000e+00 	 3.9490474568369310e-01 	 1.5188880758313023e-01 	 -5.1898542889519360e-03 	 0.0000000000000000e+00
	 0.0000000000000000e+00 	 0.0000000000000000e+00 	 -1.0357457706352548e-01 	 -5.1898542889519360e-03 	 9.4089730449561700e-03 	 0.0000000000000000e+00
	 -3.9490474568369310e-01 	 1.0357457706352548e-01 	 0.0000000000000000e+00 	 0.0000000000000000e+00 	 0.0000000000000000e+00 	 1.6129778062808647e-01

