# ----- Rotor performance tables for the WISDEM tuning wind turbine ----- 
# ------------ Written on Nov-11-21 using the ROSCO toolbox ------------ 

# Pitch angle vector, 20 entries - x axis (matrix columns) (deg)
-5.0   -3.158   -1.316   0.5263   2.368   4.211   6.053   7.895   9.737   11.58   13.42   15.26   17.11   18.95   20.79   22.63   24.47   26.32   28.16   30.0   
# TSR vector, 20 entries - y axis (matrix rows) (-)
2.0    2.526    3.053    3.579    4.105    4.632    5.158    5.684    6.211    6.737    7.263    7.789    8.316    8.842    9.368    9.895    10.42    10.95    11.47    12.0    
# Wind speed vector - z axis (m/s)
8.353    

# Power coefficient

0.010899   0.013722   0.016493   0.019233   0.021992   0.024850   0.027872   0.031033   0.034258   0.037484   0.040677   0.043844   0.046910   0.049602   0.051473   0.052135   0.051437   0.049425   0.046230   0.042029   
0.022406   0.027173   0.032080   0.037246   0.042554   0.047787   0.052888   0.057893   0.062872   0.067733   0.071985   0.074799   0.075500   0.073939   0.070321   0.064962   0.058202   0.050365   0.041742   0.032529   
0.040797   0.049057   0.057276   0.065021   0.072457   0.079780   0.087120   0.094201   0.100102   0.103440   0.103313   0.099799   0.093435   0.084793   0.074384   0.062688   0.050126   0.036905   0.023045   0.008492   
0.068474   0.079687   0.090107   0.100307   0.110583   0.120718   0.129647   0.135426   0.136298   0.132175   0.123957   0.112570   0.098727   0.083097   0.066311   0.048726   0.030410   0.011273   -0.008875   -0.029804   
0.102474   0.116154   0.129818   0.143695   0.156987   0.167728   0.172990   0.171139   0.163069   0.150305   0.133934   0.114843   0.093857   0.071688   0.048695   0.024812   -0.000228   -0.026711   -0.054060   -0.080072   
0.141263   0.159030   0.177162   0.194223   0.207334   0.212699   0.208821   0.197460   0.180596   0.159542   0.135321   0.108864   0.081087   0.052357   0.022469   -0.008967   -0.042372   -0.077076   -0.110183   -0.137976   
0.185663   0.208753   0.230441   0.247034   0.253974   0.249527   0.235980   0.215883   0.190790   0.161794   0.130004   0.096470   0.061739   0.025561   -0.012589   -0.053280   -0.096205   -0.138141   -0.174273   -0.201091   
0.235866   0.263176   0.284619   0.295159   0.292305   0.278302   0.256362   0.228297   0.195356   0.158675   0.119450   0.078617   0.036010   -0.008990   -0.057072   -0.108597   -0.160819   -0.207961   -0.244825   -0.268498   
0.289363   0.316983   0.333251   0.334789   0.322896   0.301122   0.271802   0.236260   0.195637   0.151251   0.104422   0.055423   0.003620   -0.051771   -0.111609   -0.174681   -0.235084   -0.285487   -0.321269   -0.340530   
0.340086   0.363810   0.372829   0.366599   0.347926   0.319800   0.283698   0.240792   0.192433   0.140167   0.085033   0.026665   -0.035780   -0.103341   -0.176528   -0.251037   -0.318190   -0.370430   -0.403426   -0.418566   
0.380654   0.400145   0.404025   0.392701   0.369201   0.335494   0.292830   0.242538   0.186237   0.125605   0.061141   -0.007903   -0.082634   -0.164298   -0.251778   -0.337225   -0.409947   -0.462709   -0.491741   -0.504077   
0.406916   0.426439   0.428636   0.414798   0.387649   0.348845   0.299711   0.241880   0.177274   0.107534   0.032589   -0.048623   -0.137442   -0.235005   -0.337284   -0.433027   -0.510412   -0.562403   -0.587193   -0.598217   
0.419031   0.443898   0.447945   0.433604   0.403782   0.360239   0.304659   0.239017   0.165641   0.085864   -0.000884   -0.095870   -0.200674   -0.315651   -0.433050   -0.538505   -0.619717   -0.669791   -0.690722   -0.702687   
0.420818   0.452459   0.462305   0.449429   0.417858   0.369942   0.307841   0.234109   0.151337   0.060405   -0.039542   -0.149994   -0.272772   -0.406399   -0.539152   -0.653864   -0.738091   -0.785184   -0.803728   -0.818604   
0.415665   0.452097   0.471472   0.462343   0.430064   0.378088   0.309409   0.227246   0.134245   0.030986   -0.083635   -0.211367   -0.354080   -0.507462   -0.655741   -0.779355   -0.865754   -0.909592   -0.926693   -0.948346   
0.405542   0.445129   0.474742   0.472323   0.440461   0.384804   0.309474   0.218382   0.114268   -0.002562   -0.133431   -0.280368   -0.444895   -0.619101   -0.783058   -0.915268   -1.003093   -1.043381   -1.061201   -1.092973   
0.391040   0.434305   0.470965   0.479168   0.449101   0.390186   0.308056   0.207491   0.091303   -0.040422   -0.189208   -0.357382   -0.545510   -0.741598   -0.921405   -1.061750   -1.150515   -1.187837   -1.207765   -1.254482   
0.372587   0.420549   0.461605   0.482566   0.456007   0.394245   0.305193   0.194533   0.065230   -0.082788   -0.251252   -0.442770   -0.656227   -0.875244   -1.070942   -1.219579   -1.308447   -1.343494   -1.367591   -1.433717   
0.350269   0.404029   0.449850   0.482019   0.461104   0.397018   0.300884   0.179448   0.035929   -0.129861   -0.319850   -0.536854   -0.777368   -1.020324   -1.232301   -1.388562   -1.477697   -1.511090   -1.542079   -1.631088   
0.324375   0.384972   0.436211   0.476995   0.464326   0.398527   0.295110   0.162170   0.003265   -0.181844   -0.395295   -0.639939   -0.909270   -1.176916   -1.405628   -1.569952   -1.658404   -1.691667   -1.731906   -1.848113   


#  Thrust coefficient

0.063046   0.062159   0.061233   0.060300   0.059426   0.058724   0.058336   0.058390   0.058900   0.059745   0.060796   0.061977   0.063183   0.064131   0.064383   0.063577   0.061556   0.058326   0.054003   0.048766   
0.079295   0.078553   0.078066   0.078049   0.078718   0.080113   0.082007   0.084154   0.086450   0.088758   0.090633   0.091286   0.090046   0.086732   0.081526   0.074716   0.066622   0.057571   0.047874   0.037730   
0.101442   0.102093   0.103752   0.106424   0.109742   0.113365   0.117134   0.120773   0.123498   0.124021   0.121394   0.115602   0.107138   0.096575   0.084416   0.071159   0.057245   0.042892   0.028144   0.012994   
0.132157   0.135788   0.140527   0.145855   0.151391   0.156817   0.161345   0.163232   0.160683   0.153426   0.142259   0.128128   0.111796   0.093961   0.075285   0.056140   0.036633   0.016738   -0.003634   -0.024171   
0.173035   0.179996   0.187591   0.195231   0.202370   0.207549   0.207929   0.201648   0.189364   0.172567   0.152461   0.130034   0.106177   0.081625   0.056771   0.031621   0.006013   -0.020191   -0.046340   -0.070398   
0.223969   0.234113   0.244148   0.253292   0.259348   0.258368   0.248496   0.231291   0.208803   0.182564   0.153771   0.123450   0.092562   0.061505   0.030164   -0.001683   -0.034267   -0.066844   -0.096787   -0.120918   
0.284613   0.297470   0.309108   0.316697   0.315236   0.302533   0.280838   0.252867   0.220518   0.185147   0.148041   0.110305   0.072476   0.034435   -0.004133   -0.043574   -0.083432   -0.120798   -0.151605   -0.173107   
0.354471   0.369220   0.379220   0.378642   0.364438   0.339111   0.306213   0.267981   0.226089   0.181974   0.136886   0.091728   0.046465   0.000704   -0.045981   -0.093681   -0.139860   -0.179659   -0.208992   -0.225882   
0.432895   0.446175   0.447967   0.434082   0.406574   0.369681   0.326205   0.278115   0.226981   0.174244   0.121195   0.068162   0.014731   -0.039588   -0.095279   -0.151050   -0.201904   -0.242001   -0.268152   -0.279149   
0.516635   0.521910   0.510352   0.482806   0.443418   0.395818   0.342227   0.284440   0.224082   0.162725   0.101350   0.039745   -0.022629   -0.086391   -0.151644   -0.214614   -0.268313   -0.307188   -0.328760   -0.333378   
0.598656   0.591098   0.566168   0.526625   0.476608   0.418778   0.355187   0.287673   0.218014   0.147781   0.077468   0.006578   -0.065570   -0.139662   -0.214431   -0.283428   -0.338458   -0.374905   -0.390853   -0.389125   
0.672674   0.653250   0.617075   0.567250   0.507209   0.439312   0.365676   0.288308   0.209117   0.129559   0.049649   -0.031306   -0.114081   -0.199173   -0.283025   -0.356786   -0.412031   -0.445012   -0.454663   -0.446624   
0.737739   0.709785   0.664656   0.605609   0.535850   0.457898   0.374100   0.286626   0.197596   0.108152   0.017918   -0.073888   -0.168123   -0.264572   -0.356901   -0.434288   -0.488859   -0.517500   -0.520244   -0.506490   
0.797386   0.761562   0.709681   0.642178   0.562906   0.474877   0.380689   0.282855   0.183572   0.083580   -0.017700   -0.121130   -0.227621   -0.335508   -0.435624   -0.515729   -0.568857   -0.592223   -0.588230   -0.568308   
0.854947   0.809376   0.752304   0.677190   0.588654   0.490438   0.385648   0.277147   0.167073   0.055874   -0.057165   -0.172995   -0.292430   -0.411680   -0.518865   -0.600985   -0.651916   -0.669658   -0.658308   -0.632737   
0.912064   0.855184   0.792294   0.710794   0.613234   0.504759   0.389126   0.269553   0.148134   0.025073   -0.100444   -0.229452   -0.362380   -0.492841   -0.606418   -0.689971   -0.738093   -0.749486   -0.731272   -0.699176   
0.969319   0.900604   0.829143   0.742983   0.636771   0.517969   0.391200   0.260128   0.126794   -0.008791   -0.147508   -0.290471   -0.437303   -0.578775   -0.698162   -0.782438   -0.827458   -0.832280   -0.806766   -0.768281   
1.026952   0.946197   0.863842   0.773674   0.659352   0.530130   0.391948   0.248923   0.103086   -0.045688   -0.198331   -0.356004   -0.517045   -0.669302   -0.793831   -0.878832   -0.920018   -0.917855   -0.884970   -0.839912   
1.085223   0.992203   0.898311   0.802659   0.680987   0.541314   0.391429   0.235977   0.077037   -0.085597   -0.252891   -0.425979   -0.601469   -0.764261   -0.893676   -0.978553   -1.016114   -1.006230   -0.966248   -0.913727   
1.144356   1.038770   0.932943   0.829663   0.701687   0.551585   0.389685   0.221321   0.048668   -0.128499   -0.311166   -0.500317   -0.690459   -0.863279   -0.997428   -1.082480   -1.115377   -1.097795   -1.050185   -0.990539   


# Torque coefficient

0.005463   0.006878   0.008267   0.009640   0.011023   0.012456   0.013970   0.015555   0.017171   0.018788   0.020388   0.021976   0.023512   0.024862   0.025800   0.026131   0.025781   0.024773   0.023171   0.021066   
0.008891   0.010782   0.012729   0.014779   0.016885   0.018962   0.020986   0.022972   0.024948   0.026877   0.028564   0.029680   0.029959   0.029339   0.027903   0.025777   0.023094   0.019985   0.016563   0.012908   
0.013397   0.016110   0.018809   0.021352   0.023794   0.026199   0.028609   0.030934   0.032872   0.033968   0.033927   0.032773   0.030683   0.027845   0.024427   0.020586   0.016461   0.012119   0.007568   0.002789   
0.019179   0.022320   0.025238   0.028095   0.030974   0.033813   0.036313   0.037932   0.038176   0.037021   0.034720   0.031530   0.027653   0.023275   0.018573   0.013648   0.008518   0.003157   -0.002486   -0.008348   
0.025023   0.028363   0.031700   0.035088   0.038334   0.040957   0.042241   0.041790   0.039819   0.036702   0.032705   0.028043   0.022918   0.017505   0.011891   0.006059   -0.000056   -0.006523   -0.013201   -0.019552   
0.030574   0.034420   0.038344   0.042037   0.044875   0.046036   0.045197   0.042737   0.039088   0.034531   0.029288   0.023562   0.017550   0.011332   0.004863   -0.001941   -0.009171   -0.016682   -0.023848   -0.029863   
0.036084   0.040571   0.044786   0.048011   0.049360   0.048496   0.045863   0.041957   0.037080   0.031445   0.025266   0.018749   0.011999   0.004968   -0.002447   -0.010355   -0.018697   -0.026848   -0.033870   -0.039082   
0.041596   0.046412   0.050194   0.052053   0.051550   0.049080   0.045211   0.040261   0.034452   0.027983   0.021066   0.013864   0.006351   -0.001585   -0.010065   -0.019152   -0.028361   -0.036675   -0.043176   -0.047351   
0.046706   0.051164   0.053790   0.054038   0.052119   0.048604   0.043872   0.038135   0.031578   0.024413   0.016855   0.008946   0.000584   -0.008356   -0.018015   -0.028195   -0.037945   -0.046080   -0.051856   -0.054965   
0.050605   0.054135   0.055477   0.054550   0.051771   0.047586   0.042214   0.035830   0.028634   0.020857   0.012653   0.003968   -0.005324   -0.015377   -0.026267   -0.037354   -0.047347   -0.055120   -0.060030   -0.062283   
0.052537   0.055227   0.055763   0.054200   0.050956   0.046304   0.040416   0.033474   0.025704   0.017336   0.008439   -0.001091   -0.011405   -0.022676   -0.034750   -0.046543   -0.056580   -0.063862   -0.067869   -0.069571   
0.052367   0.054879   0.055162   0.053381   0.049887   0.044894   0.038570   0.031128   0.022814   0.013839   0.004194   -0.006257   -0.017688   -0.030243   -0.043406   -0.055727   -0.065686   -0.072377   -0.075567   -0.076986   
0.050513   0.053510   0.053998   0.052270   0.048675   0.043426   0.036726   0.028813   0.019967   0.010351   -0.000107   -0.011557   -0.024191   -0.038051   -0.052203   -0.064915   -0.074705   -0.080741   -0.083264   -0.084707   
0.047709   0.051296   0.052412   0.050952   0.047373   0.041941   0.034900   0.026541   0.017157   0.006848   -0.004483   -0.017005   -0.030925   -0.046074   -0.061124   -0.074129   -0.083678   -0.089017   -0.091120   -0.092806   
0.044477   0.048375   0.050449   0.049472   0.046018   0.040456   0.033107   0.024316   0.014365   0.003316   -0.008949   -0.022617   -0.037887   -0.054300   -0.070166   -0.083393   -0.092638   -0.097328   -0.099158   -0.101475   
0.041086   0.045096   0.048096   0.047851   0.044623   0.038985   0.031353   0.022124   0.011577   -0.000260   -0.013518   -0.028404   -0.045073   -0.062721   -0.079332   -0.092726   -0.101624   -0.105706   -0.107511   -0.110730   
0.037616   0.041777   0.045304   0.046093   0.043201   0.037534   0.029633   0.019959   0.008783   -0.003888   -0.018201   -0.034378   -0.052475   -0.071337   -0.088634   -0.102134   -0.110673   -0.114263   -0.116180   -0.120673   
0.034118   0.038509   0.042269   0.044188   0.041756   0.036101   0.027946   0.017813   0.005973   -0.007581   -0.023007   -0.040544   -0.060090   -0.080145   -0.098065   -0.111676   -0.119813   -0.123023   -0.125229   -0.131284   
0.030603   0.035300   0.039303   0.042113   0.040286   0.034687   0.026288   0.015678   0.003139   -0.011346   -0.027945   -0.046904   -0.067918   -0.089144   -0.107665   -0.121317   -0.129105   -0.132022   -0.134730   -0.142506   
0.027097   0.032159   0.036440   0.039847   0.038788   0.033292   0.024653   0.013547   0.000273   -0.015191   -0.033022   -0.053458   -0.075958   -0.098316   -0.117422   -0.131149   -0.138538   -0.141316   -0.144678   -0.154385   

