# Wind Speed (m/s) 	 Rotor Speed (rpm) 	 Pitch Angle (deg) 	 Electrical Power (W) 	 Aerodynamic Power (W) 	 Thrust (N) 	 Torque (Nm) 	 Blade Root Flapwise Moment (Nm) 	 Electrical Power Coefficient (-) 	 Aerodynamic Power Coefficient (-) 	 Thrust Coefficient (-) 	 Torque Coefficient (-) 	 Blade Root Flapwise Moment Coefficient (-)
4.000000e+00	3.893892e+00	0.000000e+00	6.059287e+05	5.468506e+05	2.467711e+05	1.485966e+06	5.467939e+06	4.206081e-01	4.660478e-01	7.592123e-01	4.449389e-02	1.637250e-01
4.514653e+00	4.394892e+00	0.000000e+00	8.711933e+05	7.862520e+05	3.143569e+05	1.892944e+06	6.965501e+06	4.206081e-01	4.660478e-01	7.592123e-01	4.449389e-02	1.637250e-01
5.000796e+00	4.868140e+00	0.000000e+00	1.184020e+06	1.068578e+06	3.857026e+05	2.322561e+06	8.546375e+06	4.206081e-01	4.660478e-01	7.592123e-01	4.449389e-02	1.637250e-01
5.457350e+00	5.312583e+00	0.000000e+00	1.538817e+06	1.388782e+06	4.593439e+05	2.766003e+06	1.017811e+07	4.206081e-01	4.660478e-01	7.592123e-01	4.449389e-02	1.637250e-01
5.883302e+00	5.727236e+00	0.000000e+00	1.927991e+06	1.740012e+06	5.338467e+05	3.214632e+06	1.182894e+07	4.206081e-01	4.660478e-01	7.592123e-01	4.449389e-02	1.637250e-01
6.277706e+00	6.111177e+00	0.000000e+00	2.342310e+06	2.113935e+06	6.078217e+05	3.660083e+06	1.346808e+07	4.206081e-01	4.660478e-01	7.592123e-01	4.449389e-02	1.637250e-01
6.639685e+00	6.463555e+00	0.000000e+00	2.771303e+06	2.501101e+06	6.799380e+05	4.094341e+06	1.506603e+07	4.206081e-01	4.660478e-01	7.592123e-01	4.449389e-02	1.637250e-01
6.968438e+00	6.783586e+00	0.000000e+00	3.203670e+06	2.891312e+06	7.489367e+05	4.509827e+06	1.659490e+07	4.206081e-01	4.660478e-01	7.592123e-01	4.449389e-02	1.637250e-01
7.263233e+00	7.070561e+00	0.000000e+00	3.627700e+06	3.273999e+06	8.136436e+05	4.899468e+06	1.802867e+07	4.206081e-01	4.660478e-01	7.592123e-01	4.449389e-02	1.637250e-01
7.523415e+00	7.323842e+00	0.000000e+00	4.031686e+06	3.638596e+06	8.729802e+05	5.256771e+06	1.934344e+07	4.206081e-01	4.660478e-01	7.592123e-01	4.449389e-02	1.637250e-01
7.748409e+00	7.542867e+00	0.000000e+00	4.404322e+06	3.974901e+06	9.259751e+05	5.575888e+06	2.051770e+07	4.206081e-01	4.660478e-01	7.592123e-01	4.449389e-02	1.637250e-01
7.937713e+00	7.727149e+00	0.000000e+00	4.735084e+06	4.273413e+06	9.717735e+05	5.851669e+06	2.153250e+07	4.206081e-01	4.660478e-01	7.592123e-01	4.449389e-02	1.637250e-01
8.090907e+00	7.876280e+00	0.000000e+00	5.014564e+06	4.525644e+06	1.009645e+06	6.079718e+06	2.237166e+07	4.206081e-01	4.660478e-01	7.592123e-01	4.449389e-02	1.637250e-01
8.207652e+00	7.880496e+00	-2.505847e-03	5.228717e+06	4.718917e+06	1.027248e+06	6.335968e+06	2.271967e+07	4.201211e-01	4.655081e-01	7.506309e-01	4.505951e-02	1.615755e-01
8.287688e+00	7.880496e+00	-7.734000e-02	5.377364e+06	4.853071e+06	1.043813e+06	6.516093e+06	2.305737e+07	4.196675e-01	4.650055e-01	7.480745e-01	4.544978e-02	1.608253e-01
8.330838e+00	7.880496e+00	-1.175446e-01	5.458311e+06	4.926126e+06	1.052721e+06	6.614182e+06	2.323866e+07	4.194000e-01	4.647091e-01	7.466632e-01	4.565729e-02	1.604151e-01
8.337005e+00	7.880496e+00	-1.233223e-01	5.469927e+06	4.936609e+06	1.053995e+06	6.628257e+06	2.326459e+07	4.193604e-01	4.646653e-01	7.464615e-01	4.568678e-02	1.603565e-01
8.367834e+00	7.880496e+00	-1.518715e-01	5.528163e+06	4.989167e+06	1.060340e+06	6.698826e+06	2.339356e+07	4.191581e-01	4.644411e-01	7.454322e-01	4.583360e-02	1.600596e-01
8.374170e+00	7.880496e+00	-1.518715e-01	5.540166e+06	5.000000e+06	1.061257e+06	6.713371e+06	2.341141e+07	4.191153e-01	4.643937e-01	7.449476e-01	4.586363e-02	1.599393e-01
8.540124e+00	7.880496e+00	2.047330e+00	5.540166e+06	5.000000e+06	9.208716e+05	6.713371e+06	2.021061e+07	3.951541e-01	4.378438e-01	6.215265e-01	4.409849e-02	1.327586e-01
8.681202e+00	7.880496e+00	2.823699e+00	5.540169e+06	5.000003e+06	8.746075e+05	6.713375e+06	1.911867e+07	3.762007e-01	4.168429e-01	5.712713e-01	4.267687e-02	1.215372e-01
8.858512e+00	7.880496e+00	3.582490e+00	5.540167e+06	5.000000e+06	8.314694e+05	6.713371e+06	1.808241e+07	3.540598e-01	3.923100e-01	5.215712e-01	4.098552e-02	1.103941e-01
9.071661e+00	7.880496e+00	4.337271e+00	5.540166e+06	5.000000e+06	7.907194e+05	6.713371e+06	1.708626e+07	3.296845e-01	3.653014e-01	4.729745e-01	3.908215e-02	9.946832e-02
9.320174e+00	7.880496e+00	5.093856e+00	5.540166e+06	5.000000e+06	7.520915e+05	6.713371e+06	1.612502e+07	3.040093e-01	3.368524e-01	4.261981e-01	3.702576e-02	8.893312e-02
9.603501e+00	7.880496e+00	5.855396e+00	5.540148e+06	4.999984e+06	7.154611e+05	6.713349e+06	1.519655e+07	2.778874e-01	3.079085e-01	3.818702e-01	3.487317e-02	7.894002e-02
9.921011e+00	7.880496e+00	6.623714e+00	5.540185e+06	5.000017e+06	6.807667e+05	6.713394e+06	1.430011e+07	2.520534e-01	2.792836e-01	3.404673e-01	3.267696e-02	6.960473e-02
1.027200e+01	7.880496e+00	7.400241e+00	5.540177e+06	5.000010e+06	6.479389e+05	6.713384e+06	1.343477e+07	2.270882e-01	2.516213e-01	3.022824e-01	3.048195e-02	6.100025e-02
1.065569e+01	7.880496e+00	8.185737e+00	5.540173e+06	5.000006e+06	6.169349e+05	6.713378e+06	1.260026e+07	2.034298e-01	2.254070e-01	2.674639e-01	2.832626e-02	5.316522e-02
1.107123e+01	7.880496e+00	8.980734e+00	5.540170e+06	5.000003e+06	5.877030e+05	6.713375e+06	1.179609e+07	1.813727e-01	2.009669e-01	2.360235e-01	2.623981e-02	4.610606e-02
1.151769e+01	7.880496e+00	9.785463e+00	5.540168e+06	5.000002e+06	5.601884e+05	6.713373e+06	1.102174e+07	1.610879e-01	1.784907e-01	2.078702e-01	2.424495e-02	3.980435e-02
1.199409e+01	7.880496e+00	1.059984e+01	5.540167e+06	5.000001e+06	5.343339e+05	6.713372e+06	1.027655e+07	1.426453e-01	1.580557e-01	1.828383e-01	2.235721e-02	3.422348e-02
1.249936e+01	7.880496e+00	1.142356e+01	5.540167e+06	5.000000e+06	5.100782e+05	6.713371e+06	9.559819e+06	1.260363e-01	1.396524e-01	1.607126e-01	2.058621e-02	2.931470e-02
1.303239e+01	7.880496e+00	1.225607e+01	5.540187e+06	5.000019e+06	4.873583e+05	6.713396e+06	8.870832e+06	1.111958e-01	1.232087e-01	1.412503e-01	1.893676e-02	2.502233e-02
1.359199e+01	7.880496e+00	1.309665e+01	5.540157e+06	4.999991e+06	4.661018e+05	6.713359e+06	8.208641e+06	9.801877e-02	1.086081e-01	1.241949e-01	1.740946e-02	2.128711e-02
1.417692e+01	7.880496e+00	1.394423e+01	5.540220e+06	5.000048e+06	4.462529e+05	6.713436e+06	7.572635e+06	8.638094e-02	9.571295e-02	1.092966e-01	1.600268e-02	1.805074e-02
1.478587e+01	7.880496e+00	1.479786e+01	5.540239e+06	5.000065e+06	4.277291e+05	6.713459e+06	6.961547e+06	7.614190e-02	8.436776e-02	9.630831e-02	1.471173e-02	1.525539e-02
1.541751e+01	7.880496e+00	1.565635e+01	5.540209e+06	5.000038e+06	4.104587e+05	6.713422e+06	6.374330e+06	6.716139e-02	7.441706e-02	8.500216e-02	1.353091e-02	1.284747e-02
1.607042e+01	7.880496e+00	1.651844e+01	5.540137e+06	4.999974e+06	3.943716e+05	6.713335e+06	5.809992e+06	5.930277e-02	6.570944e-02	7.516923e-02	1.245361e-02	1.077786e-02
1.674316e+01	7.880496e+00	1.738258e+01	5.540279e+06	5.000102e+06	3.794153e+05	6.713508e+06	5.267980e+06	5.243917e-02	5.810434e-02	6.662376e-02	1.147324e-02	9.002866e-03
1.743423e+01	7.880496e+00	1.824762e+01	5.540187e+06	5.000019e+06	3.654926e+05	6.713396e+06	4.746760e+06	4.644646e-02	5.146422e-02	5.919188e-02	1.058153e-02	7.481752e-03
1.814209e+01	7.880496e+00	1.911190e+01	5.540167e+06	5.000000e+06	3.525572e+05	6.713371e+06	4.245926e+06	4.121894e-02	4.567196e-02	5.272830e-02	9.771861e-03	6.180292e-03
1.886519e+01	7.880496e+00	1.997396e+01	5.540167e+06	5.000000e+06	3.405423e+05	6.713371e+06	3.764597e+06	3.665859e-02	4.061893e-02	4.710184e-02	9.037116e-03	5.067662e-03
1.960190e+01	7.880496e+00	2.083231e+01	5.540167e+06	5.000000e+06	3.293864e+05	6.713371e+06	3.301987e+06	3.267868e-02	3.620906e-02	4.219862e-02	8.370583e-03	4.117091e-03
2.035060e+01	7.880496e+00	2.168546e+01	5.540167e+06	5.000000e+06	3.190318e+05	6.713371e+06	2.857364e+06	2.920299e-02	3.235789e-02	3.792002e-02	7.766004e-03	3.305389e-03
2.110962e+01	7.880496e+00	2.253196e+01	5.540167e+06	5.000000e+06	3.094232e+05	6.713371e+06	2.430040e+06	2.616481e-02	2.899148e-02	3.418069e-02	7.217572e-03	2.612545e-03
2.187728e+01	7.880496e+00	2.337041e+01	5.540166e+06	5.000000e+06	3.005078e+05	6.713371e+06	2.019410e+06	2.350601e-02	2.604544e-02	3.090708e-02	6.719939e-03	2.021386e-03
2.265187e+01	7.880496e+00	2.419945e+01	5.540185e+06	5.000017e+06	2.922370e+05	6.713394e+06	1.624965e+06	2.117620e-02	2.346393e-02	2.803599e-02	6.268234e-03	1.517215e-03
2.343168e+01	7.880496e+00	2.501787e+01	5.539956e+06	4.999810e+06	2.845518e+05	6.713116e+06	1.245970e+06	1.913076e-02	2.119751e-02	2.551193e-02	5.857721e-03	1.087206e-03
2.421497e+01	7.880496e+00	2.582415e+01	5.540251e+06	5.000076e+06	2.774427e+05	6.713473e+06	8.827614e+05	1.733460e-02	1.920731e-02	2.329133e-02	5.485179e-03	7.212518e-04
2.500000e+01	7.880496e+00	2.661751e+01	5.540017e+06	4.999865e+06	2.708220e+05	6.713189e+06	5.339603e+05	1.575169e-02	1.745340e-02	2.133010e-02	5.145887e-03	4.092987e-04
